opti dist comp conp

cell
28.539000 28.539000 28.539000 90.000000 90.000000 90.000000
fractional
Au 0.000000 0.000000 0.000000
Au 0.000000 0.000000 0.142857
Au 0.000000 0.000000 0.285714
Au 0.000000 0.000000 0.428571
Au 0.000000 0.000000 0.571429
Au 0.000000 0.000000 0.714286
Au 0.000000 0.000000 0.857143
Au 0.000000 0.142857 0.000000
Au 0.000000 0.142857 0.142857
Au 0.000000 0.142857 0.285714
Au 0.000000 0.142857 0.428571
Au 0.000000 0.142857 0.571429
Au 0.000000 0.142857 0.714286
Au 0.000000 0.142857 0.857143
Au 0.000000 0.285714 0.000000
Au 0.000000 0.285714 0.142857
Au 0.000000 0.285714 0.285714
Au 0.000000 0.285714 0.428571
Au 0.000000 0.285714 0.571429
Au 0.000000 0.285714 0.714286
Au 0.000000 0.285714 0.857143
Au 0.000000 0.428571 0.000000
Au 0.000000 0.428571 0.142857
Au 0.000000 0.428571 0.285714
Au 0.000000 0.428571 0.428571
Au 0.000000 0.428571 0.571429
Au 0.000000 0.428571 0.714286
Au 0.000000 0.428571 0.857143
Au 0.000000 0.571429 0.000000
Au 0.000000 0.571429 0.142857
Au 0.000000 0.571429 0.285714
Au 0.000000 0.571429 0.428571
Au 0.000000 0.571429 0.571429
Au 0.000000 0.571429 0.714286
Au 0.000000 0.571429 0.857143
Au 0.000000 0.714286 0.000000
Au 0.000000 0.714286 0.142857
Au 0.000000 0.714286 0.285714
Au 0.000000 0.714286 0.428571
Au 0.000000 0.714286 0.571429
Au 0.000000 0.714286 0.714286
Au 0.000000 0.714286 0.857143
Au 0.000000 0.857143 0.000000
Au 0.000000 0.857143 0.142857
Au 0.000000 0.857143 0.285714
Au 0.000000 0.857143 0.428571
Au 0.000000 0.857143 0.571429
Au 0.000000 0.857143 0.714286
Au 0.000000 0.857143 0.857143
Au 0.142857 0.000000 0.000000
Au 0.142857 0.000000 0.142857
Au 0.142857 0.000000 0.285714
Au 0.142857 0.000000 0.428571
Au 0.142857 0.000000 0.571429
Au 0.142857 0.000000 0.714286
Au 0.142857 0.000000 0.857143
Au 0.142857 0.142857 0.000000
Au 0.142857 0.142857 0.142857
Au 0.142857 0.142857 0.285714
Au 0.142857 0.142857 0.428571
Au 0.142857 0.142857 0.571429
Au 0.142857 0.142857 0.714286
Au 0.142857 0.142857 0.857143
Au 0.142857 0.285714 0.000000
Au 0.142857 0.285714 0.142857
Au 0.142857 0.285714 0.285714
Au 0.142857 0.285714 0.428571
Au 0.142857 0.285714 0.571429
Au 0.142857 0.285714 0.714286
Au 0.142857 0.285714 0.857143
Au 0.142857 0.428571 0.000000
Au 0.142857 0.428571 0.142857
Au 0.142857 0.428571 0.285714
Au 0.142857 0.428571 0.428571
Au 0.142857 0.428571 0.571429
Au 0.142857 0.428571 0.714286
Au 0.142857 0.428571 0.857143
Au 0.142857 0.571429 0.000000
Au 0.142857 0.571429 0.142857
Au 0.142857 0.571429 0.285714
Au 0.142857 0.571429 0.428571
Au 0.142857 0.571429 0.571429
Au 0.142857 0.571429 0.714286
Au 0.142857 0.571429 0.857143
Au 0.142857 0.714286 0.000000
Au 0.142857 0.714286 0.142857
Au 0.142857 0.714286 0.285714
Au 0.142857 0.714286 0.428571
Au 0.142857 0.714286 0.571429
Au 0.142857 0.714286 0.714286
Au 0.142857 0.714286 0.857143
Au 0.142857 0.857143 0.000000
Au 0.142857 0.857143 0.142857
Au 0.142857 0.857143 0.285714
Au 0.142857 0.857143 0.428571
Au 0.142857 0.857143 0.571429
Au 0.142857 0.857143 0.714286
Au 0.142857 0.857143 0.857143
Au 0.285714 0.000000 0.000000
Au 0.285714 0.000000 0.142857
Au 0.285714 0.000000 0.285714
Au 0.285714 0.000000 0.428571
Au 0.285714 0.000000 0.571429
Au 0.285714 0.000000 0.714286
Au 0.285714 0.000000 0.857143
Au 0.285714 0.142857 0.000000
Au 0.285714 0.142857 0.142857
Au 0.285714 0.142857 0.285714
Au 0.285714 0.142857 0.428571
Au 0.285714 0.142857 0.571429
Au 0.285714 0.142857 0.714286
Au 0.285714 0.142857 0.857143
Au 0.285714 0.285714 0.000000
Au 0.285714 0.285714 0.142857
Au 0.285714 0.285714 0.285714
Au 0.285714 0.285714 0.428571
Au 0.285714 0.285714 0.571429
Au 0.285714 0.285714 0.714286
Au 0.285714 0.285714 0.857143
Au 0.285714 0.428571 0.000000
Au 0.285714 0.428571 0.142857
Au 0.285714 0.428571 0.285714
Au 0.285714 0.428571 0.428571
Au 0.285714 0.428571 0.571429
Au 0.285714 0.428571 0.714286
Au 0.285714 0.428571 0.857143
Au 0.285714 0.571429 0.000000
Au 0.285714 0.571429 0.142857
Au 0.285714 0.571429 0.285714
Au 0.285714 0.571429 0.428571
Au 0.285714 0.571429 0.571429
Au 0.285714 0.571429 0.714286
Au 0.285714 0.571429 0.857143
Au 0.285714 0.714286 0.000000
Au 0.285714 0.714286 0.142857
Au 0.285714 0.714286 0.285714
Au 0.285714 0.714286 0.428571
Au 0.285714 0.714286 0.571429
Au 0.285714 0.714286 0.714286
Au 0.285714 0.714286 0.857143
Au 0.285714 0.857143 0.000000
Au 0.285714 0.857143 0.142857
Au 0.285714 0.857143 0.285714
Au 0.285714 0.857143 0.428571
Au 0.285714 0.857143 0.571429
Au 0.285714 0.857143 0.714286
Au 0.285714 0.857143 0.857143
Au 0.428571 0.000000 0.000000
Au 0.428571 0.000000 0.142857
Au 0.428571 0.000000 0.285714
Au 0.428571 0.000000 0.428571
Au 0.428571 0.000000 0.571429
Au 0.428571 0.000000 0.714286
Au 0.428571 0.000000 0.857143
Au 0.428571 0.142857 0.000000
Au 0.428571 0.142857 0.142857
Au 0.428571 0.142857 0.285714
Au 0.428571 0.142857 0.428571
Au 0.428571 0.142857 0.571429
Au 0.428571 0.142857 0.714286
Au 0.428571 0.142857 0.857143
Au 0.428571 0.285714 0.000000
Au 0.428571 0.285714 0.142857
Au 0.428571 0.285714 0.285714
Au 0.428571 0.285714 0.428571
Au 0.428571 0.285714 0.571429
Au 0.428571 0.285714 0.714286
Au 0.428571 0.285714 0.857143
Au 0.428571 0.428571 0.000000
Au 0.428571 0.428571 0.142857
Au 0.428571 0.428571 0.285714
Au 0.428571 0.428571 0.428571
Au 0.428571 0.428571 0.571429
Au 0.428571 0.428571 0.714286
Au 0.428571 0.428571 0.857143
Au 0.428571 0.571429 0.000000
Au 0.428571 0.571429 0.142857
Au 0.428571 0.571429 0.285714
Au 0.428571 0.571429 0.428571
Au 0.428571 0.571429 0.571429
Au 0.428571 0.571429 0.714286
Au 0.428571 0.571429 0.857143
Au 0.428571 0.714286 0.000000
Au 0.428571 0.714286 0.142857
Au 0.428571 0.714286 0.285714
Au 0.428571 0.714286 0.428571
Au 0.428571 0.714286 0.571429
Au 0.428571 0.714286 0.714286
Au 0.428571 0.714286 0.857143
Au 0.428571 0.857143 0.000000
Au 0.428571 0.857143 0.142857
Au 0.428571 0.857143 0.285714
Au 0.428571 0.857143 0.428571
Au 0.428571 0.857143 0.571429
Au 0.428571 0.857143 0.714286
Au 0.428571 0.857143 0.857143
Au 0.571429 0.000000 0.000000
Au 0.571429 0.000000 0.142857
Au 0.571429 0.000000 0.285714
Au 0.571429 0.000000 0.428571
Au 0.571429 0.000000 0.571429
Au 0.571429 0.000000 0.714286
Au 0.571429 0.000000 0.857143
Au 0.571429 0.142857 0.000000
Au 0.571429 0.142857 0.142857
Au 0.571429 0.142857 0.285714
Au 0.571429 0.142857 0.428571
Au 0.571429 0.142857 0.571429
Au 0.571429 0.142857 0.714286
Au 0.571429 0.142857 0.857143
Au 0.571429 0.285714 0.000000
Au 0.571429 0.285714 0.142857
Au 0.571429 0.285714 0.285714
Au 0.571429 0.285714 0.428571
Au 0.571429 0.285714 0.571429
Au 0.571429 0.285714 0.714286
Au 0.571429 0.285714 0.857143
Au 0.571429 0.428571 0.000000
Au 0.571429 0.428571 0.142857
Au 0.571429 0.428571 0.285714
Au 0.571429 0.428571 0.428571
Au 0.571429 0.428571 0.571429
Au 0.571429 0.428571 0.714286
Au 0.571429 0.428571 0.857143
Au 0.571429 0.571429 0.000000
Au 0.571429 0.571429 0.142857
Au 0.571429 0.571429 0.285714
Au 0.571429 0.571429 0.428571
Au 0.571429 0.571429 0.571429
Au 0.571429 0.571429 0.714286
Au 0.571429 0.571429 0.857143
Au 0.571429 0.714286 0.000000
Au 0.571429 0.714286 0.142857
Au 0.571429 0.714286 0.285714
Au 0.571429 0.714286 0.428571
Au 0.571429 0.714286 0.571429
Au 0.571429 0.714286 0.714286
Au 0.571429 0.714286 0.857143
Au 0.571429 0.857143 0.000000
Au 0.571429 0.857143 0.142857
Au 0.571429 0.857143 0.285714
Au 0.571429 0.857143 0.428571
Au 0.571429 0.857143 0.571429
Au 0.571429 0.857143 0.714286
Au 0.571429 0.857143 0.857143
Au 0.714286 0.000000 0.000000
Au 0.714286 0.000000 0.142857
Au 0.714286 0.000000 0.285714
Au 0.714286 0.000000 0.428571
Au 0.714286 0.000000 0.571429
Au 0.714286 0.000000 0.714286
Au 0.714286 0.000000 0.857143
Au 0.714286 0.142857 0.000000
Au 0.714286 0.142857 0.142857
Au 0.714286 0.142857 0.285714
Au 0.714286 0.142857 0.428571
Au 0.714286 0.142857 0.571429
Au 0.714286 0.142857 0.714286
Au 0.714286 0.142857 0.857143
Au 0.714286 0.285714 0.000000
Au 0.714286 0.285714 0.142857
Au 0.714286 0.285714 0.285714
Au 0.714286 0.285714 0.428571
Au 0.714286 0.285714 0.571429
Au 0.714286 0.285714 0.714286
Au 0.714286 0.285714 0.857143
Au 0.714286 0.428571 0.000000
Au 0.714286 0.428571 0.142857
Au 0.714286 0.428571 0.285714
Au 0.714286 0.428571 0.428571
Au 0.714286 0.428571 0.571429
Au 0.714286 0.428571 0.714286
Au 0.714286 0.428571 0.857143
Au 0.714286 0.571429 0.000000
Au 0.714286 0.571429 0.142857
Au 0.714286 0.571429 0.285714
Au 0.714286 0.571429 0.428571
Au 0.714286 0.571429 0.571429
Au 0.714286 0.571429 0.714286
Au 0.714286 0.571429 0.857143
Au 0.714286 0.714286 0.000000
Au 0.714286 0.714286 0.142857
Au 0.714286 0.714286 0.285714
Au 0.714286 0.714286 0.428571
Au 0.714286 0.714286 0.571429
Au 0.714286 0.714286 0.714286
Au 0.714286 0.714286 0.857143
Au 0.714286 0.857143 0.000000
Au 0.714286 0.857143 0.142857
Au 0.714286 0.857143 0.285714
Au 0.714286 0.857143 0.428571
Au 0.714286 0.857143 0.571429
Au 0.714286 0.857143 0.714286
Au 0.714286 0.857143 0.857143
Au 0.857143 0.000000 0.000000
Au 0.857143 0.000000 0.142857
Au 0.857143 0.000000 0.285714
Au 0.857143 0.000000 0.428571
Au 0.857143 0.000000 0.571429
Au 0.857143 0.000000 0.714286
Au 0.857143 0.000000 0.857143
Au 0.857143 0.142857 0.000000
Au 0.857143 0.142857 0.142857
Au 0.857143 0.142857 0.285714
Au 0.857143 0.142857 0.428571
Au 0.857143 0.142857 0.571429
Au 0.857143 0.142857 0.714286
Au 0.857143 0.142857 0.857143
Au 0.857143 0.285714 0.000000
Au 0.857143 0.285714 0.142857
Au 0.857143 0.285714 0.285714
Au 0.857143 0.285714 0.428571
Au 0.857143 0.285714 0.571429
Au 0.857143 0.285714 0.714286
Au 0.857143 0.285714 0.857143
Au 0.857143 0.428571 0.000000
Au 0.857143 0.428571 0.142857
Au 0.857143 0.428571 0.285714
Au 0.857143 0.428571 0.428571
Au 0.857143 0.428571 0.571429
Au 0.857143 0.428571 0.714286
Au 0.857143 0.428571 0.857143
Au 0.857143 0.571429 0.000000
Au 0.857143 0.571429 0.142857
Au 0.857143 0.571429 0.285714
Au 0.857143 0.571429 0.428571
Au 0.857143 0.571429 0.571429
Au 0.857143 0.571429 0.714286
Au 0.857143 0.571429 0.857143
Au 0.857143 0.714286 0.000000
Au 0.857143 0.714286 0.142857
Au 0.857143 0.714286 0.285714
Au 0.857143 0.714286 0.428571
Au 0.857143 0.714286 0.571429
Au 0.857143 0.714286 0.714286
Au 0.857143 0.714286 0.857143
Au 0.857143 0.857143 0.000000
Au 0.857143 0.857143 0.142857
Au 0.857143 0.857143 0.285714
Au 0.857143 0.857143 0.428571
Au 0.857143 0.857143 0.571429
Au 0.857143 0.857143 0.714286
Au 0.857143 0.857143 0.857143
Au 0.000000 0.071429 0.071429
Au 0.000000 0.071429 0.214286
Au 0.000000 0.071429 0.357143
Au 0.000000 0.071429 0.500000
Au 0.000000 0.071429 0.642857
Au 0.000000 0.071429 0.785714
Au 0.000000 0.071429 0.928571
Au 0.000000 0.214286 0.071429
Au 0.000000 0.214286 0.214286
Au 0.000000 0.214286 0.357143
Au 0.000000 0.214286 0.500000
Au 0.000000 0.214286 0.642857
Au 0.000000 0.214286 0.785714
Au 0.000000 0.214286 0.928571
Au 0.000000 0.357143 0.071429
Au 0.000000 0.357143 0.214286
Au 0.000000 0.357143 0.357143
Au 0.000000 0.357143 0.500000
Au 0.000000 0.357143 0.642857
Au 0.000000 0.357143 0.785714
Au 0.000000 0.357143 0.928571
Au 0.000000 0.500000 0.071429
Au 0.000000 0.500000 0.214286
Au 0.000000 0.500000 0.357143
Au 0.000000 0.500000 0.500000
Au 0.000000 0.500000 0.642857
Au 0.000000 0.500000 0.785714
Au 0.000000 0.500000 0.928571
Au 0.000000 0.642857 0.071429
Au 0.000000 0.642857 0.214286
Au 0.000000 0.642857 0.357143
Au 0.000000 0.642857 0.500000
Au 0.000000 0.642857 0.642857
Au 0.000000 0.642857 0.785714
Au 0.000000 0.642857 0.928571
Au 0.000000 0.785714 0.071429
Au 0.000000 0.785714 0.214286
Au 0.000000 0.785714 0.357143
Au 0.000000 0.785714 0.500000
Au 0.000000 0.785714 0.642857
Au 0.000000 0.785714 0.785714
Au 0.000000 0.785714 0.928571
Au 0.000000 0.928571 0.071429
Au 0.000000 0.928571 0.214286
Au 0.000000 0.928571 0.357143
Au 0.000000 0.928571 0.500000
Au 0.000000 0.928571 0.642857
Au 0.000000 0.928571 0.785714
Au 0.000000 0.928571 0.928571
Au 0.142857 0.071429 0.071429
Au 0.142857 0.071429 0.214286
Au 0.142857 0.071429 0.357143
Au 0.142857 0.071429 0.500000
Au 0.142857 0.071429 0.642857
Au 0.142857 0.071429 0.785714
Au 0.142857 0.071429 0.928571
Au 0.142857 0.214286 0.071429
Au 0.142857 0.214286 0.214286
Au 0.142857 0.214286 0.357143
Au 0.142857 0.214286 0.500000
Au 0.142857 0.214286 0.642857
Au 0.142857 0.214286 0.785714
Au 0.142857 0.214286 0.928571
Au 0.142857 0.357143 0.071429
Au 0.142857 0.357143 0.214286
Au 0.142857 0.357143 0.357143
Au 0.142857 0.357143 0.500000
Au 0.142857 0.357143 0.642857
Au 0.142857 0.357143 0.785714
Au 0.142857 0.357143 0.928571
Au 0.142857 0.500000 0.071429
Au 0.142857 0.500000 0.214286
Au 0.142857 0.500000 0.357143
Au 0.142857 0.500000 0.500000
Au 0.142857 0.500000 0.642857
Au 0.142857 0.500000 0.785714
Au 0.142857 0.500000 0.928571
Au 0.142857 0.642857 0.071429
Au 0.142857 0.642857 0.214286
Au 0.142857 0.642857 0.357143
Au 0.142857 0.642857 0.500000
Au 0.142857 0.642857 0.642857
Au 0.142857 0.642857 0.785714
Au 0.142857 0.642857 0.928571
Au 0.142857 0.785714 0.071429
Au 0.142857 0.785714 0.214286
Au 0.142857 0.785714 0.357143
Au 0.142857 0.785714 0.500000
Au 0.142857 0.785714 0.642857
Au 0.142857 0.785714 0.785714
Au 0.142857 0.785714 0.928571
Au 0.142857 0.928571 0.071429
Au 0.142857 0.928571 0.214286
Au 0.142857 0.928571 0.357143
Au 0.142857 0.928571 0.500000
Au 0.142857 0.928571 0.642857
Au 0.142857 0.928571 0.785714
Au 0.142857 0.928571 0.928571
Au 0.285714 0.071429 0.071429
Au 0.285714 0.071429 0.214286
Au 0.285714 0.071429 0.357143
Au 0.285714 0.071429 0.500000
Au 0.285714 0.071429 0.642857
Au 0.285714 0.071429 0.785714
Au 0.285714 0.071429 0.928571
Au 0.285714 0.214286 0.071429
Au 0.285714 0.214286 0.214286
Au 0.285714 0.214286 0.357143
Au 0.285714 0.214286 0.500000
Au 0.285714 0.214286 0.642857
Au 0.285714 0.214286 0.785714
Au 0.285714 0.214286 0.928571
Au 0.285714 0.357143 0.071429
Au 0.285714 0.357143 0.214286
Au 0.285714 0.357143 0.357143
Au 0.285714 0.357143 0.500000
Au 0.285714 0.357143 0.642857
Au 0.285714 0.357143 0.785714
Au 0.285714 0.357143 0.928571
Au 0.285714 0.500000 0.071429
Au 0.285714 0.500000 0.214286
Au 0.285714 0.500000 0.357143
Au 0.285714 0.500000 0.500000
Au 0.285714 0.500000 0.642857
Au 0.285714 0.500000 0.785714
Au 0.285714 0.500000 0.928571
Au 0.285714 0.642857 0.071429
Au 0.285714 0.642857 0.214286
Au 0.285714 0.642857 0.357143
Au 0.285714 0.642857 0.500000
Au 0.285714 0.642857 0.642857
Au 0.285714 0.642857 0.785714
Au 0.285714 0.642857 0.928571
Au 0.285714 0.785714 0.071429
Au 0.285714 0.785714 0.214286
Au 0.285714 0.785714 0.357143
Au 0.285714 0.785714 0.500000
Au 0.285714 0.785714 0.642857
Au 0.285714 0.785714 0.785714
Au 0.285714 0.785714 0.928571
Au 0.285714 0.928571 0.071429
Au 0.285714 0.928571 0.214286
Au 0.285714 0.928571 0.357143
Au 0.285714 0.928571 0.500000
Au 0.285714 0.928571 0.642857
Au 0.285714 0.928571 0.785714
Au 0.285714 0.928571 0.928571
Au 0.428571 0.071429 0.071429
Au 0.428571 0.071429 0.214286
Au 0.428571 0.071429 0.357143
Au 0.428571 0.071429 0.500000
Au 0.428571 0.071429 0.642857
Au 0.428571 0.071429 0.785714
Au 0.428571 0.071429 0.928571
Au 0.428571 0.214286 0.071429
Au 0.428571 0.214286 0.214286
Au 0.428571 0.214286 0.357143
Au 0.428571 0.214286 0.500000
Au 0.428571 0.214286 0.642857
Au 0.428571 0.214286 0.785714
Au 0.428571 0.214286 0.928571
Au 0.428571 0.357143 0.071429
Au 0.428571 0.357143 0.214286
Au 0.428571 0.357143 0.357143
Au 0.428571 0.357143 0.500000
Au 0.428571 0.357143 0.642857
Au 0.428571 0.357143 0.785714
Au 0.428571 0.357143 0.928571
Au 0.428571 0.500000 0.071429
Au 0.428571 0.500000 0.214286
Au 0.428571 0.500000 0.357143
Au 0.428571 0.500000 0.500000
Au 0.428571 0.500000 0.642857
Au 0.428571 0.500000 0.785714
Au 0.428571 0.500000 0.928571
Au 0.428571 0.642857 0.071429
Au 0.428571 0.642857 0.214286
Au 0.428571 0.642857 0.357143
Au 0.428571 0.642857 0.500000
Au 0.428571 0.642857 0.642857
Au 0.428571 0.642857 0.785714
Au 0.428571 0.642857 0.928571
Au 0.428571 0.785714 0.071429
Au 0.428571 0.785714 0.214286
Au 0.428571 0.785714 0.357143
Au 0.428571 0.785714 0.500000
Au 0.428571 0.785714 0.642857
Au 0.428571 0.785714 0.785714
Au 0.428571 0.785714 0.928571
Au 0.428571 0.928571 0.071429
Au 0.428571 0.928571 0.214286
Au 0.428571 0.928571 0.357143
Au 0.428571 0.928571 0.500000
Au 0.428571 0.928571 0.642857
Au 0.428571 0.928571 0.785714
Au 0.428571 0.928571 0.928571
Au 0.571429 0.071429 0.071429
Au 0.571429 0.071429 0.214286
Au 0.571429 0.071429 0.357143
Au 0.571429 0.071429 0.500000
Au 0.571429 0.071429 0.642857
Au 0.571429 0.071429 0.785714
Au 0.571429 0.071429 0.928571
Au 0.571429 0.214286 0.071429
Au 0.571429 0.214286 0.214286
Au 0.571429 0.214286 0.357143
Au 0.571429 0.214286 0.500000
Au 0.571429 0.214286 0.642857
Au 0.571429 0.214286 0.785714
Au 0.571429 0.214286 0.928571
Au 0.571429 0.357143 0.071429
Au 0.571429 0.357143 0.214286
Au 0.571429 0.357143 0.357143
Au 0.571429 0.357143 0.500000
Au 0.571429 0.357143 0.642857
Au 0.571429 0.357143 0.785714
Au 0.571429 0.357143 0.928571
Au 0.571429 0.500000 0.071429
Au 0.571429 0.500000 0.214286
Au 0.571429 0.500000 0.357143
Au 0.571429 0.500000 0.500000
Au 0.571429 0.500000 0.642857
Au 0.571429 0.500000 0.785714
Au 0.571429 0.500000 0.928571
Au 0.571429 0.642857 0.071429
Au 0.571429 0.642857 0.214286
Au 0.571429 0.642857 0.357143
Au 0.571429 0.642857 0.500000
Au 0.571429 0.642857 0.642857
Au 0.571429 0.642857 0.785714
Au 0.571429 0.642857 0.928571
Au 0.571429 0.785714 0.071429
Au 0.571429 0.785714 0.214286
Au 0.571429 0.785714 0.357143
Au 0.571429 0.785714 0.500000
Au 0.571429 0.785714 0.642857
Au 0.571429 0.785714 0.785714
Au 0.571429 0.785714 0.928571
Au 0.571429 0.928571 0.071429
Au 0.571429 0.928571 0.214286
Au 0.571429 0.928571 0.357143
Au 0.571429 0.928571 0.500000
Au 0.571429 0.928571 0.642857
Au 0.571429 0.928571 0.785714
Au 0.571429 0.928571 0.928571
Au 0.714286 0.071429 0.071429
Au 0.714286 0.071429 0.214286
Au 0.714286 0.071429 0.357143
Au 0.714286 0.071429 0.500000
Au 0.714286 0.071429 0.642857
Au 0.714286 0.071429 0.785714
Au 0.714286 0.071429 0.928571
Au 0.714286 0.214286 0.071429
Au 0.714286 0.214286 0.214286
Au 0.714286 0.214286 0.357143
Au 0.714286 0.214286 0.500000
Au 0.714286 0.214286 0.642857
Au 0.714286 0.214286 0.785714
Au 0.714286 0.214286 0.928571
Au 0.714286 0.357143 0.071429
Au 0.714286 0.357143 0.214286
Au 0.714286 0.357143 0.357143
Au 0.714286 0.357143 0.500000
Au 0.714286 0.357143 0.642857
Au 0.714286 0.357143 0.785714
Au 0.714286 0.357143 0.928571
Au 0.714286 0.500000 0.071429
Au 0.714286 0.500000 0.214286
Au 0.714286 0.500000 0.357143
Au 0.714286 0.500000 0.500000
Au 0.714286 0.500000 0.642857
Au 0.714286 0.500000 0.785714
Au 0.714286 0.500000 0.928571
Au 0.714286 0.642857 0.071429
Au 0.714286 0.642857 0.214286
Au 0.714286 0.642857 0.357143
Au 0.714286 0.642857 0.500000
Au 0.714286 0.642857 0.642857
Au 0.714286 0.642857 0.785714
Au 0.714286 0.642857 0.928571
Au 0.714286 0.785714 0.071429
Au 0.714286 0.785714 0.214286
Au 0.714286 0.785714 0.357143
Au 0.714286 0.785714 0.500000
Au 0.714286 0.785714 0.642857
Au 0.714286 0.785714 0.785714
Au 0.714286 0.785714 0.928571
Au 0.714286 0.928571 0.071429
Au 0.714286 0.928571 0.214286
Au 0.714286 0.928571 0.357143
Au 0.714286 0.928571 0.500000
Au 0.714286 0.928571 0.642857
Au 0.714286 0.928571 0.785714
Au 0.714286 0.928571 0.928571
Au 0.857143 0.071429 0.071429
Au 0.857143 0.071429 0.214286
Au 0.857143 0.071429 0.357143
Au 0.857143 0.071429 0.500000
Au 0.857143 0.071429 0.642857
Au 0.857143 0.071429 0.785714
Au 0.857143 0.071429 0.928571
Au 0.857143 0.214286 0.071429
Au 0.857143 0.214286 0.214286
Au 0.857143 0.214286 0.357143
Au 0.857143 0.214286 0.500000
Au 0.857143 0.214286 0.642857
Au 0.857143 0.214286 0.785714
Au 0.857143 0.214286 0.928571
Au 0.857143 0.357143 0.071429
Au 0.857143 0.357143 0.214286
Au 0.857143 0.357143 0.357143
Au 0.857143 0.357143 0.500000
Au 0.857143 0.357143 0.642857
Au 0.857143 0.357143 0.785714
Au 0.857143 0.357143 0.928571
Au 0.857143 0.500000 0.071429
Au 0.857143 0.500000 0.214286
Au 0.857143 0.500000 0.357143
Au 0.857143 0.500000 0.500000
Au 0.857143 0.500000 0.642857
Au 0.857143 0.500000 0.785714
Au 0.857143 0.500000 0.928571
Au 0.857143 0.642857 0.071429
Au 0.857143 0.642857 0.214286
Au 0.857143 0.642857 0.357143
Au 0.857143 0.642857 0.500000
Au 0.857143 0.642857 0.642857
Au 0.857143 0.642857 0.785714
Au 0.857143 0.642857 0.928571
Au 0.857143 0.785714 0.071429
Au 0.857143 0.785714 0.214286
Au 0.857143 0.785714 0.357143
Au 0.857143 0.785714 0.500000
Au 0.857143 0.785714 0.642857
Au 0.857143 0.785714 0.785714
Au 0.857143 0.785714 0.928571
Au 0.857143 0.928571 0.071429
Au 0.857143 0.928571 0.214286
Au 0.857143 0.928571 0.357143
Au 0.857143 0.928571 0.500000
Au 0.857143 0.928571 0.642857
Au 0.857143 0.928571 0.785714
Au 0.857143 0.928571 0.928571
Au 0.071429 0.000000 0.214286
Au 0.071429 0.000000 0.357143
Au 0.071429 0.000000 0.500000
Au 0.071429 0.000000 0.642857
Au 0.071429 0.000000 0.785714
Au 0.071429 0.000000 0.928571
Au 0.071429 0.142857 0.071429
Au 0.071429 0.142857 0.214286
Au 0.071429 0.142857 0.357143
Au 0.071429 0.142857 0.500000
Au 0.071429 0.142857 0.642857
Au 0.071429 0.142857 0.785714
Au 0.071429 0.142857 0.928571
Au 0.071429 0.285714 0.071429
Au 0.071429 0.285714 0.214286
Au 0.071429 0.285714 0.357143
Au 0.071429 0.285714 0.500000
Au 0.071429 0.285714 0.642857
Au 0.071429 0.285714 0.785714
Au 0.071429 0.285714 0.928571
Au 0.071429 0.428571 0.071429
Au 0.071429 0.428571 0.214286
Au 0.071429 0.428571 0.357143
Au 0.071429 0.428571 0.500000
Au 0.071429 0.428571 0.642857
Au 0.071429 0.428571 0.785714
Au 0.071429 0.428571 0.928571
Au 0.071429 0.571429 0.071429
Au 0.071429 0.571429 0.214286
Au 0.071429 0.571429 0.357143
Au 0.071429 0.571429 0.500000
Au 0.071429 0.571429 0.642857
Au 0.071429 0.571429 0.785714
Au 0.071429 0.571429 0.928571
Au 0.071429 0.714286 0.071429
Au 0.071429 0.714286 0.214286
Au 0.071429 0.714286 0.357143
Au 0.071429 0.714286 0.500000
Au 0.071429 0.714286 0.642857
Au 0.071429 0.714286 0.785714
Au 0.071429 0.714286 0.928571
Au 0.071429 0.857143 0.071429
Au 0.071429 0.857143 0.214286
Au 0.071429 0.857143 0.357143
Au 0.071429 0.857143 0.500000
Au 0.071429 0.857143 0.642857
Au 0.071429 0.857143 0.785714
Au 0.071429 0.857143 0.928571
Au 0.214286 0.000000 0.071429
Au 0.214286 0.000000 0.214286
Au 0.214286 0.000000 0.357143
Au 0.214286 0.000000 0.500000
Au 0.214286 0.000000 0.642857
Au 0.214286 0.000000 0.785714
Au 0.214286 0.000000 0.928571
Au 0.214286 0.142857 0.071429
Au 0.214286 0.142857 0.214286
Au 0.214286 0.142857 0.357143
Au 0.214286 0.142857 0.500000
Au 0.214286 0.142857 0.642857
Au 0.214286 0.142857 0.785714
Au 0.214286 0.142857 0.928571
Au 0.214286 0.285714 0.071429
Au 0.214286 0.285714 0.214286
Au 0.214286 0.285714 0.357143
Au 0.214286 0.285714 0.500000
Au 0.214286 0.285714 0.642857
Au 0.214286 0.285714 0.785714
Au 0.214286 0.285714 0.928571
Au 0.214286 0.428571 0.071429
Au 0.214286 0.428571 0.214286
Au 0.214286 0.428571 0.357143
Au 0.214286 0.428571 0.500000
Au 0.214286 0.428571 0.642857
Au 0.214286 0.428571 0.785714
Au 0.214286 0.428571 0.928571
Au 0.214286 0.571429 0.071429
Au 0.214286 0.571429 0.214286
Au 0.214286 0.571429 0.357143
Au 0.214286 0.571429 0.500000
Au 0.214286 0.571429 0.642857
Au 0.214286 0.571429 0.785714
Au 0.214286 0.571429 0.928571
Au 0.214286 0.714286 0.071429
Au 0.214286 0.714286 0.214286
Au 0.214286 0.714286 0.357143
Au 0.214286 0.714286 0.500000
Au 0.214286 0.714286 0.642857
Au 0.214286 0.714286 0.785714
Au 0.214286 0.714286 0.928571
Au 0.214286 0.857143 0.071429
Au 0.214286 0.857143 0.214286
Au 0.214286 0.857143 0.357143
Au 0.214286 0.857143 0.500000
Au 0.214286 0.857143 0.642857
Au 0.214286 0.857143 0.785714
Au 0.214286 0.857143 0.928571
Au 0.357143 0.000000 0.071429
Au 0.357143 0.000000 0.214286
Au 0.357143 0.000000 0.357143
Au 0.357143 0.000000 0.500000
Au 0.357143 0.000000 0.642857
Au 0.357143 0.000000 0.785714
Au 0.357143 0.000000 0.928571
Au 0.357143 0.142857 0.071429
Au 0.357143 0.142857 0.214286
Au 0.357143 0.142857 0.357143
Au 0.357143 0.142857 0.500000
Au 0.357143 0.142857 0.642857
Au 0.357143 0.142857 0.785714
Au 0.357143 0.142857 0.928571
Au 0.357143 0.285714 0.071429
Au 0.357143 0.285714 0.214286
Au 0.357143 0.285714 0.357143
Au 0.357143 0.285714 0.500000
Au 0.357143 0.285714 0.642857
Au 0.357143 0.285714 0.785714
Au 0.357143 0.285714 0.928571
Au 0.357143 0.428571 0.071429
Au 0.357143 0.428571 0.214286
Au 0.357143 0.428571 0.357143
Au 0.357143 0.428571 0.500000
Au 0.357143 0.428571 0.642857
Au 0.357143 0.428571 0.785714
Au 0.357143 0.428571 0.928571
Au 0.357143 0.571429 0.071429
Au 0.357143 0.571429 0.214286
Au 0.357143 0.571429 0.357143
Au 0.357143 0.571429 0.500000
Au 0.357143 0.571429 0.642857
Au 0.357143 0.571429 0.785714
Au 0.357143 0.571429 0.928571
Au 0.357143 0.714286 0.071429
Au 0.357143 0.714286 0.214286
Au 0.357143 0.714286 0.357143
Au 0.357143 0.714286 0.500000
Au 0.357143 0.714286 0.642857
Au 0.357143 0.714286 0.785714
Au 0.357143 0.714286 0.928571
Au 0.357143 0.857143 0.071429
Au 0.357143 0.857143 0.214286
Au 0.357143 0.857143 0.357143
Au 0.357143 0.857143 0.500000
Au 0.357143 0.857143 0.642857
Au 0.357143 0.857143 0.785714
Au 0.357143 0.857143 0.928571
Au 0.500000 0.000000 0.071429
Au 0.500000 0.000000 0.214286
Au 0.500000 0.000000 0.357143
Au 0.500000 0.000000 0.500000
Au 0.500000 0.000000 0.642857
Au 0.500000 0.000000 0.785714
Au 0.500000 0.000000 0.928571
Au 0.500000 0.142857 0.071429
Au 0.500000 0.142857 0.214286
Au 0.500000 0.142857 0.357143
Au 0.500000 0.142857 0.500000
Au 0.500000 0.142857 0.642857
Au 0.500000 0.142857 0.785714
Au 0.500000 0.142857 0.928571
Au 0.500000 0.285714 0.071429
Au 0.500000 0.285714 0.214286
Au 0.500000 0.285714 0.357143
Au 0.500000 0.285714 0.500000
Au 0.500000 0.285714 0.642857
Au 0.500000 0.285714 0.785714
Au 0.500000 0.285714 0.928571
Au 0.500000 0.428571 0.071429
Au 0.500000 0.428571 0.214286
Au 0.500000 0.428571 0.357143
Au 0.500000 0.428571 0.500000
Au 0.500000 0.428571 0.642857
Au 0.500000 0.428571 0.785714
Au 0.500000 0.428571 0.928571
Au 0.500000 0.571429 0.071429
Au 0.500000 0.571429 0.214286
Au 0.500000 0.571429 0.357143
Au 0.500000 0.571429 0.500000
Au 0.500000 0.571429 0.642857
Au 0.500000 0.571429 0.785714
Au 0.500000 0.571429 0.928571
Au 0.500000 0.714286 0.071429
Au 0.500000 0.714286 0.214286
Au 0.500000 0.714286 0.357143
Au 0.500000 0.714286 0.500000
Au 0.500000 0.714286 0.642857
Au 0.500000 0.714286 0.785714
Au 0.500000 0.714286 0.928571
Au 0.500000 0.857143 0.071429
Au 0.500000 0.857143 0.214286
Au 0.500000 0.857143 0.357143
Au 0.500000 0.857143 0.500000
Au 0.500000 0.857143 0.642857
Au 0.500000 0.857143 0.785714
Au 0.500000 0.857143 0.928571
Au 0.642857 0.000000 0.071429
Au 0.642857 0.000000 0.214286
Au 0.642857 0.000000 0.357143
Au 0.642857 0.000000 0.500000
Au 0.642857 0.000000 0.642857
Au 0.642857 0.000000 0.785714
Au 0.642857 0.000000 0.928571
Au 0.642857 0.142857 0.071429
Au 0.642857 0.142857 0.214286
Au 0.642857 0.142857 0.357143
Au 0.642857 0.142857 0.500000
Au 0.642857 0.142857 0.642857
Au 0.642857 0.142857 0.785714
Au 0.642857 0.142857 0.928571
Au 0.642857 0.285714 0.071429
Au 0.642857 0.285714 0.214286
Au 0.642857 0.285714 0.357143
Au 0.642857 0.285714 0.500000
Au 0.642857 0.285714 0.642857
Au 0.642857 0.285714 0.785714
Au 0.642857 0.285714 0.928571
Au 0.642857 0.428571 0.071429
Au 0.642857 0.428571 0.214286
Au 0.642857 0.428571 0.357143
Au 0.642857 0.428571 0.500000
Au 0.642857 0.428571 0.642857
Au 0.642857 0.428571 0.785714
Au 0.642857 0.428571 0.928571
Au 0.642857 0.571429 0.071429
Au 0.642857 0.571429 0.214286
Au 0.642857 0.571429 0.357143
Au 0.642857 0.571429 0.500000
Au 0.642857 0.571429 0.642857
Au 0.642857 0.571429 0.785714
Au 0.642857 0.571429 0.928571
Au 0.642857 0.714286 0.071429
Au 0.642857 0.714286 0.214286
Au 0.642857 0.714286 0.357143
Au 0.642857 0.714286 0.500000
Au 0.642857 0.714286 0.642857
Au 0.642857 0.714286 0.785714
Au 0.642857 0.714286 0.928571
Au 0.642857 0.857143 0.071429
Au 0.642857 0.857143 0.214286
Au 0.642857 0.857143 0.357143
Au 0.642857 0.857143 0.500000
Au 0.642857 0.857143 0.642857
Au 0.642857 0.857143 0.785714
Au 0.642857 0.857143 0.928571
Au 0.785714 0.000000 0.071429
Au 0.785714 0.000000 0.214286
Au 0.785714 0.000000 0.357143
Au 0.785714 0.000000 0.500000
Au 0.785714 0.000000 0.642857
Au 0.785714 0.000000 0.785714
Au 0.785714 0.000000 0.928571
Au 0.785714 0.142857 0.071429
Au 0.785714 0.142857 0.214286
Au 0.785714 0.142857 0.357143
Au 0.785714 0.142857 0.500000
Au 0.785714 0.142857 0.642857
Au 0.785714 0.142857 0.785714
Au 0.785714 0.142857 0.928571
Au 0.785714 0.285714 0.071429
Au 0.785714 0.285714 0.214286
Au 0.785714 0.285714 0.357143
Au 0.785714 0.285714 0.500000
Au 0.785714 0.285714 0.642857
Au 0.785714 0.285714 0.785714
Au 0.785714 0.285714 0.928571
Au 0.785714 0.428571 0.071429
Au 0.785714 0.428571 0.214286
Au 0.785714 0.428571 0.357143
Au 0.785714 0.428571 0.500000
Au 0.785714 0.428571 0.642857
Au 0.785714 0.428571 0.785714
Au 0.785714 0.428571 0.928571
Au 0.785714 0.571429 0.071429
Au 0.785714 0.571429 0.214286
Au 0.785714 0.571429 0.357143
Au 0.785714 0.571429 0.500000
Au 0.785714 0.571429 0.642857
Au 0.785714 0.571429 0.785714
Au 0.785714 0.571429 0.928571
Au 0.785714 0.714286 0.071429
Au 0.785714 0.714286 0.214286
Au 0.785714 0.714286 0.357143
Au 0.785714 0.714286 0.500000
Au 0.785714 0.714286 0.642857
Au 0.785714 0.714286 0.785714
Au 0.785714 0.714286 0.928571
Au 0.785714 0.857143 0.071429
Au 0.785714 0.857143 0.214286
Au 0.785714 0.857143 0.357143
Au 0.785714 0.857143 0.500000
Au 0.785714 0.857143 0.642857
Au 0.785714 0.857143 0.785714
Au 0.785714 0.857143 0.928571
Au 0.928571 0.000000 0.071429
Au 0.928571 0.000000 0.214286
Au 0.928571 0.000000 0.357143
Au 0.928571 0.000000 0.500000
Au 0.928571 0.000000 0.642857
Au 0.928571 0.000000 0.785714
Au 0.928571 0.000000 0.928571
Au 0.928571 0.142857 0.071429
Au 0.928571 0.142857 0.214286
Au 0.928571 0.142857 0.357143
Au 0.928571 0.142857 0.500000
Au 0.928571 0.142857 0.642857
Au 0.928571 0.142857 0.785714
Au 0.928571 0.142857 0.928571
Au 0.928571 0.285714 0.071429
Au 0.928571 0.285714 0.214286
Au 0.928571 0.285714 0.357143
Au 0.928571 0.285714 0.500000
Au 0.928571 0.285714 0.642857
Au 0.928571 0.285714 0.785714
Au 0.928571 0.285714 0.928571
Au 0.928571 0.428571 0.071429
Au 0.928571 0.428571 0.214286
Au 0.928571 0.428571 0.357143
Au 0.928571 0.428571 0.500000
Au 0.928571 0.428571 0.642857
Au 0.928571 0.428571 0.785714
Au 0.928571 0.428571 0.928571
Au 0.928571 0.571429 0.071429
Au 0.928571 0.571429 0.214286
Au 0.928571 0.571429 0.357143
Au 0.928571 0.571429 0.500000
Au 0.928571 0.571429 0.642857
Au 0.928571 0.571429 0.785714
Au 0.928571 0.571429 0.928571
Au 0.928571 0.714286 0.071429
Au 0.928571 0.714286 0.214286
Au 0.928571 0.714286 0.357143
Au 0.928571 0.714286 0.500000
Au 0.928571 0.714286 0.642857
Au 0.928571 0.714286 0.785714
Au 0.928571 0.714286 0.928571
Au 0.928571 0.857143 0.071429
Au 0.928571 0.857143 0.214286
Au 0.928571 0.857143 0.357143
Au 0.928571 0.857143 0.500000
Au 0.928571 0.857143 0.642857
Au 0.928571 0.857143 0.785714
Au 0.928571 0.857143 0.928571
Au 0.071429 0.071429 0.000000
Au 0.071429 0.071429 0.142857
Au 0.071429 0.071429 0.285714
Au 0.071429 0.071429 0.428571
Au 0.071429 0.071429 0.571429
Au 0.071429 0.071429 0.714286
Au 0.071429 0.071429 0.857143
Au 0.071429 0.214286 0.000000
Au 0.071429 0.214286 0.142857
Au 0.071429 0.214286 0.285714
Au 0.071429 0.214286 0.428571
Au 0.071429 0.214286 0.571429
Au 0.071429 0.214286 0.714286
Au 0.071429 0.214286 0.857143
Au 0.071429 0.357143 0.000000
Au 0.071429 0.357143 0.142857
Au 0.071429 0.357143 0.285714
Au 0.071429 0.357143 0.428571
Au 0.071429 0.357143 0.571429
Au 0.071429 0.357143 0.714286
Au 0.071429 0.357143 0.857143
Au 0.071429 0.500000 0.000000
Au 0.071429 0.500000 0.142857
Au 0.071429 0.500000 0.285714
Au 0.071429 0.500000 0.428571
Au 0.071429 0.500000 0.571429
Au 0.071429 0.500000 0.714286
Au 0.071429 0.500000 0.857143
Au 0.071429 0.642857 0.000000
Au 0.071429 0.642857 0.142857
Au 0.071429 0.642857 0.285714
Au 0.071429 0.642857 0.428571
Au 0.071429 0.642857 0.571429
Au 0.071429 0.642857 0.714286
Au 0.071429 0.642857 0.857143
Au 0.071429 0.785714 0.000000
Au 0.071429 0.785714 0.142857
Au 0.071429 0.785714 0.285714
Au 0.071429 0.785714 0.428571
Au 0.071429 0.785714 0.571429
Au 0.071429 0.785714 0.714286
Au 0.071429 0.785714 0.857143
Au 0.071429 0.928571 0.000000
Au 0.071429 0.928571 0.142857
Au 0.071429 0.928571 0.285714
Au 0.071429 0.928571 0.428571
Au 0.071429 0.928571 0.571429
Au 0.071429 0.928571 0.714286
Au 0.071429 0.928571 0.857143
Au 0.214286 0.071429 0.000000
Au 0.214286 0.071429 0.142857
Au 0.214286 0.071429 0.285714
Au 0.214286 0.071429 0.428571
Au 0.214286 0.071429 0.571429
Au 0.214286 0.071429 0.714286
Au 0.214286 0.071429 0.857143
Au 0.214286 0.214286 0.000000
Au 0.214286 0.214286 0.142857
Au 0.214286 0.214286 0.285714
Au 0.214286 0.214286 0.428571
Au 0.214286 0.214286 0.571429
Au 0.214286 0.214286 0.714286
Au 0.214286 0.214286 0.857143
Au 0.214286 0.357143 0.000000
Au 0.214286 0.357143 0.142857
Au 0.214286 0.357143 0.285714
Au 0.214286 0.357143 0.428571
Au 0.214286 0.357143 0.571429
Au 0.214286 0.357143 0.714286
Au 0.214286 0.357143 0.857143
Au 0.214286 0.500000 0.000000
Au 0.214286 0.500000 0.142857
Au 0.214286 0.500000 0.285714
Au 0.214286 0.500000 0.428571
Au 0.214286 0.500000 0.571429
Au 0.214286 0.500000 0.714286
Au 0.214286 0.500000 0.857143
Au 0.214286 0.642857 0.000000
Au 0.214286 0.642857 0.142857
Au 0.214286 0.642857 0.285714
Au 0.214286 0.642857 0.428571
Au 0.214286 0.642857 0.571429
Au 0.214286 0.642857 0.714286
Au 0.214286 0.642857 0.857143
Au 0.214286 0.785714 0.000000
Au 0.214286 0.785714 0.142857
Au 0.214286 0.785714 0.285714
Au 0.214286 0.785714 0.428571
Au 0.214286 0.785714 0.571429
Au 0.214286 0.785714 0.714286
Au 0.214286 0.785714 0.857143
Au 0.214286 0.928571 0.000000
Au 0.214286 0.928571 0.142857
Au 0.214286 0.928571 0.285714
Au 0.214286 0.928571 0.428571
Au 0.214286 0.928571 0.571429
Au 0.214286 0.928571 0.714286
Au 0.214286 0.928571 0.857143
Au 0.357143 0.071429 0.000000
Au 0.357143 0.071429 0.142857
Au 0.357143 0.071429 0.285714
Au 0.357143 0.071429 0.428571
Au 0.357143 0.071429 0.571429
Au 0.357143 0.071429 0.714286
Au 0.357143 0.071429 0.857143
Au 0.357143 0.214286 0.000000
Au 0.357143 0.214286 0.142857
Au 0.357143 0.214286 0.285714
Au 0.357143 0.214286 0.428571
Au 0.357143 0.214286 0.571429
Au 0.357143 0.214286 0.714286
Au 0.357143 0.214286 0.857143
Au 0.357143 0.357143 0.000000
Au 0.357143 0.357143 0.142857
Au 0.357143 0.357143 0.285714
Au 0.357143 0.357143 0.428571
Au 0.357143 0.357143 0.571429
Au 0.357143 0.357143 0.714286
Au 0.357143 0.357143 0.857143
Au 0.357143 0.500000 0.000000
Au 0.357143 0.500000 0.142857
Au 0.357143 0.500000 0.285714
Au 0.357143 0.500000 0.428571
Au 0.357143 0.500000 0.571429
Au 0.357143 0.500000 0.714286
Au 0.357143 0.500000 0.857143
Au 0.357143 0.642857 0.000000
Au 0.357143 0.642857 0.142857
Au 0.357143 0.642857 0.285714
Au 0.357143 0.642857 0.428571
Au 0.357143 0.642857 0.571429
Au 0.357143 0.642857 0.714286
Au 0.357143 0.642857 0.857143
Au 0.357143 0.785714 0.000000
Au 0.357143 0.785714 0.142857
Au 0.357143 0.785714 0.285714
Au 0.357143 0.785714 0.428571
Au 0.357143 0.785714 0.571429
Au 0.357143 0.785714 0.714286
Au 0.357143 0.785714 0.857143
Au 0.357143 0.928571 0.000000
Au 0.357143 0.928571 0.142857
Au 0.357143 0.928571 0.285714
Au 0.357143 0.928571 0.428571
Au 0.357143 0.928571 0.571429
Au 0.357143 0.928571 0.714286
Au 0.357143 0.928571 0.857143
Au 0.500000 0.071429 0.000000
Au 0.500000 0.071429 0.142857
Au 0.500000 0.071429 0.285714
Au 0.500000 0.071429 0.428571
Au 0.500000 0.071429 0.571429
Au 0.500000 0.071429 0.714286
Au 0.500000 0.071429 0.857143
Au 0.500000 0.214286 0.000000
Au 0.500000 0.214286 0.142857
Au 0.500000 0.214286 0.285714
Au 0.500000 0.214286 0.428571
Au 0.500000 0.214286 0.571429
Au 0.500000 0.214286 0.714286
Au 0.500000 0.214286 0.857143
Au 0.500000 0.357143 0.000000
Au 0.500000 0.357143 0.142857
Au 0.500000 0.357143 0.285714
Au 0.500000 0.357143 0.428571
Au 0.500000 0.357143 0.571429
Au 0.500000 0.357143 0.714286
Au 0.500000 0.357143 0.857143
Au 0.500000 0.500000 0.000000
Au 0.500000 0.500000 0.142857
Au 0.500000 0.500000 0.285714
Au 0.500000 0.500000 0.428571
Au 0.500000 0.500000 0.571429
Au 0.500000 0.500000 0.714286
Au 0.500000 0.500000 0.857143
Au 0.500000 0.642857 0.000000
Au 0.500000 0.642857 0.142857
Au 0.500000 0.642857 0.285714
Au 0.500000 0.642857 0.428571
Au 0.500000 0.642857 0.571429
Au 0.500000 0.642857 0.714286
Au 0.500000 0.642857 0.857143
Au 0.500000 0.785714 0.000000
Au 0.500000 0.785714 0.142857
Au 0.500000 0.785714 0.285714
Au 0.500000 0.785714 0.428571
Au 0.500000 0.785714 0.571429
Au 0.500000 0.785714 0.714286
Au 0.500000 0.785714 0.857143
Au 0.500000 0.928571 0.000000
Au 0.500000 0.928571 0.142857
Au 0.500000 0.928571 0.285714
Au 0.500000 0.928571 0.428571
Au 0.500000 0.928571 0.571429
Au 0.500000 0.928571 0.714286
Au 0.500000 0.928571 0.857143
Au 0.642857 0.071429 0.000000
Au 0.642857 0.071429 0.142857
Au 0.642857 0.071429 0.285714
Au 0.642857 0.071429 0.428571
Au 0.642857 0.071429 0.571429
Au 0.642857 0.071429 0.714286
Au 0.642857 0.071429 0.857143
Au 0.642857 0.214286 0.000000
Au 0.642857 0.214286 0.142857
Au 0.642857 0.214286 0.285714
Au 0.642857 0.214286 0.428571
Au 0.642857 0.214286 0.571429
Au 0.642857 0.214286 0.714286
Au 0.642857 0.214286 0.857143
Au 0.642857 0.357143 0.000000
Au 0.642857 0.357143 0.142857
Au 0.642857 0.357143 0.285714
Au 0.642857 0.357143 0.428571
Au 0.642857 0.357143 0.571429
Au 0.642857 0.357143 0.714286
Au 0.642857 0.357143 0.857143
Au 0.642857 0.500000 0.000000
Au 0.642857 0.500000 0.142857
Au 0.642857 0.500000 0.285714
Au 0.642857 0.500000 0.428571
Au 0.642857 0.500000 0.571429
Au 0.642857 0.500000 0.714286
Au 0.642857 0.500000 0.857143
Au 0.642857 0.642857 0.000000
Au 0.642857 0.642857 0.142857
Au 0.642857 0.642857 0.285714
Au 0.642857 0.642857 0.428571
Au 0.642857 0.642857 0.571429
Au 0.642857 0.642857 0.714286
Au 0.642857 0.642857 0.857143
Au 0.642857 0.785714 0.000000
Au 0.642857 0.785714 0.142857
Au 0.642857 0.785714 0.285714
Au 0.642857 0.785714 0.428571
Au 0.642857 0.785714 0.571429
Au 0.642857 0.785714 0.714286
Au 0.642857 0.785714 0.857143
Au 0.642857 0.928571 0.000000
Au 0.642857 0.928571 0.142857
Au 0.642857 0.928571 0.285714
Au 0.642857 0.928571 0.428571
Au 0.642857 0.928571 0.571429
Au 0.642857 0.928571 0.714286
Au 0.642857 0.928571 0.857143
Au 0.785714 0.071429 0.000000
Au 0.785714 0.071429 0.142857
Au 0.785714 0.071429 0.285714
Au 0.785714 0.071429 0.428571
Au 0.785714 0.071429 0.571429
Au 0.785714 0.071429 0.714286
Au 0.785714 0.071429 0.857143
Au 0.785714 0.214286 0.000000
Au 0.785714 0.214286 0.142857
Au 0.785714 0.214286 0.285714
Au 0.785714 0.214286 0.428571
Au 0.785714 0.214286 0.571429
Au 0.785714 0.214286 0.714286
Au 0.785714 0.214286 0.857143
Au 0.785714 0.357143 0.000000
Au 0.785714 0.357143 0.142857
Au 0.785714 0.357143 0.285714
Au 0.785714 0.357143 0.428571
Au 0.785714 0.357143 0.571429
Au 0.785714 0.357143 0.714286
Au 0.785714 0.357143 0.857143
Au 0.785714 0.500000 0.000000
Au 0.785714 0.500000 0.142857
Au 0.785714 0.500000 0.285714
Au 0.785714 0.500000 0.428571
Au 0.785714 0.500000 0.571429
Au 0.785714 0.500000 0.714286
Au 0.785714 0.500000 0.857143
Au 0.785714 0.642857 0.000000
Au 0.785714 0.642857 0.142857
Au 0.785714 0.642857 0.285714
Au 0.785714 0.642857 0.428571
Au 0.785714 0.642857 0.571429
Au 0.785714 0.642857 0.714286
Au 0.785714 0.642857 0.857143
Au 0.785714 0.785714 0.000000
Au 0.785714 0.785714 0.142857
Au 0.785714 0.785714 0.285714
Au 0.785714 0.785714 0.428571
Au 0.785714 0.785714 0.571429
Au 0.785714 0.785714 0.714286
Au 0.785714 0.785714 0.857143
Au 0.785714 0.928571 0.000000
Au 0.785714 0.928571 0.142857
Au 0.785714 0.928571 0.285714
Au 0.785714 0.928571 0.428571
Au 0.785714 0.928571 0.571429
Au 0.785714 0.928571 0.714286
Au 0.785714 0.928571 0.857143
Au 0.928571 0.071429 0.000000
Au 0.928571 0.071429 0.142857
Au 0.928571 0.071429 0.285714
Au 0.928571 0.071429 0.428571
Au 0.928571 0.071429 0.571429
Au 0.928571 0.071429 0.714286
Au 0.928571 0.071429 0.857143
Au 0.928571 0.214286 0.000000
Au 0.928571 0.214286 0.142857
Au 0.928571 0.214286 0.285714
Au 0.928571 0.214286 0.428571
Au 0.928571 0.214286 0.571429
Au 0.928571 0.214286 0.714286
Au 0.928571 0.214286 0.857143
Au 0.928571 0.357143 0.000000
Au 0.928571 0.357143 0.142857
Au 0.928571 0.357143 0.285714
Au 0.928571 0.357143 0.428571
Au 0.928571 0.357143 0.571429
Au 0.928571 0.357143 0.714286
Au 0.928571 0.357143 0.857143
Au 0.928571 0.500000 0.000000
Au 0.928571 0.500000 0.142857
Au 0.928571 0.500000 0.285714
Au 0.928571 0.500000 0.428571
Au 0.928571 0.500000 0.571429
Au 0.928571 0.500000 0.714286
Au 0.928571 0.500000 0.857143
Au 0.928571 0.642857 0.000000
Au 0.928571 0.642857 0.142857
Au 0.928571 0.642857 0.285714
Au 0.928571 0.642857 0.428571
Au 0.928571 0.642857 0.571429
Au 0.928571 0.642857 0.714286
Au 0.928571 0.642857 0.857143
Au 0.928571 0.785714 0.000000
Au 0.928571 0.785714 0.142857
Au 0.928571 0.785714 0.285714
Au 0.928571 0.785714 0.428571
Au 0.928571 0.785714 0.571429
Au 0.928571 0.785714 0.714286
Au 0.928571 0.785714 0.857143
Au 0.928571 0.928571 0.000000
Au 0.928571 0.928571 0.142857
Au 0.928571 0.928571 0.285714
Au 0.928571 0.928571 0.428571
Au 0.928571 0.928571 0.571429
Au 0.928571 0.928571 0.714286
Au 0.928571 0.928571 0.857143
lennard 12 6

Au core Au core 214108.2 625.482 40.0 0 0


