single dist comp conp

cell
36.693000 36.693000 36.693000 90.000000 90.000000 90.000000
fractional
Au 0.000000 0.000000 0.000000
Au 0.000000 0.000000 0.111111
Au 0.000000 0.000000 0.222222
Au 0.000000 0.000000 0.333333
Au 0.000000 0.000000 0.444444
Au 0.000000 0.000000 0.555556
Au 0.000000 0.000000 0.666667
Au 0.000000 0.000000 0.777778
Au 0.000000 0.000000 0.888889
Au 0.000000 0.111111 0.000000
Au 0.000000 0.111111 0.111111
Au 0.000000 0.111111 0.222222
Au 0.000000 0.111111 0.333333
Au 0.000000 0.111111 0.444444
Au 0.000000 0.111111 0.555556
Au 0.000000 0.111111 0.666667
Au 0.000000 0.111111 0.777778
Au 0.000000 0.111111 0.888889
Au 0.000000 0.222222 0.000000
Au 0.000000 0.222222 0.111111
Au 0.000000 0.222222 0.222222
Au 0.000000 0.222222 0.333333
Au 0.000000 0.222222 0.444444
Au 0.000000 0.222222 0.555556
Au 0.000000 0.222222 0.666667
Au 0.000000 0.222222 0.777778
Au 0.000000 0.222222 0.888889
Au 0.000000 0.333333 0.000000
Au 0.000000 0.333333 0.111111
Au 0.000000 0.333333 0.222222
Au 0.000000 0.333333 0.333333
Au 0.000000 0.333333 0.444444
Au 0.000000 0.333333 0.555556
Au 0.000000 0.333333 0.666667
Au 0.000000 0.333333 0.777778
Au 0.000000 0.333333 0.888889
Au 0.000000 0.444444 0.000000
Au 0.000000 0.444444 0.111111
Au 0.000000 0.444444 0.222222
Au 0.000000 0.444444 0.333333
Au 0.000000 0.444444 0.444444
Au 0.000000 0.444444 0.555556
Au 0.000000 0.444444 0.666667
Au 0.000000 0.444444 0.777778
Au 0.000000 0.444444 0.888889
Au 0.000000 0.555556 0.000000
Au 0.000000 0.555556 0.111111
Au 0.000000 0.555556 0.222222
Au 0.000000 0.555556 0.333333
Au 0.000000 0.555556 0.444444
Au 0.000000 0.555556 0.555556
Au 0.000000 0.555556 0.666667
Au 0.000000 0.555556 0.777778
Au 0.000000 0.555556 0.888889
Au 0.000000 0.666667 0.000000
Au 0.000000 0.666667 0.111111
Au 0.000000 0.666667 0.222222
Au 0.000000 0.666667 0.333333
Au 0.000000 0.666667 0.444444
Au 0.000000 0.666667 0.555556
Au 0.000000 0.666667 0.666667
Au 0.000000 0.666667 0.777778
Au 0.000000 0.666667 0.888889
Au 0.000000 0.777778 0.000000
Au 0.000000 0.777778 0.111111
Au 0.000000 0.777778 0.222222
Au 0.000000 0.777778 0.333333
Au 0.000000 0.777778 0.444444
Au 0.000000 0.777778 0.555556
Au 0.000000 0.777778 0.666667
Au 0.000000 0.777778 0.777778
Au 0.000000 0.777778 0.888889
Au 0.000000 0.888889 0.000000
Au 0.000000 0.888889 0.111111
Au 0.000000 0.888889 0.222222
Au 0.000000 0.888889 0.333333
Au 0.000000 0.888889 0.444444
Au 0.000000 0.888889 0.555556
Au 0.000000 0.888889 0.666667
Au 0.000000 0.888889 0.777778
Au 0.000000 0.888889 0.888889
Au 0.111111 0.000000 0.000000
Au 0.111111 0.000000 0.111111
Au 0.111111 0.000000 0.222222
Au 0.111111 0.000000 0.333333
Au 0.111111 0.000000 0.444444
Au 0.111111 0.000000 0.555556
Au 0.111111 0.000000 0.666667
Au 0.111111 0.000000 0.777778
Au 0.111111 0.000000 0.888889
Au 0.111111 0.111111 0.000000
Au 0.111111 0.111111 0.111111
Au 0.111111 0.111111 0.222222
Au 0.111111 0.111111 0.333333
Au 0.111111 0.111111 0.444444
Au 0.111111 0.111111 0.555556
Au 0.111111 0.111111 0.666667
Au 0.111111 0.111111 0.777778
Au 0.111111 0.111111 0.888889
Au 0.111111 0.222222 0.000000
Au 0.111111 0.222222 0.111111
Au 0.111111 0.222222 0.222222
Au 0.111111 0.222222 0.333333
Au 0.111111 0.222222 0.444444
Au 0.111111 0.222222 0.555556
Au 0.111111 0.222222 0.666667
Au 0.111111 0.222222 0.777778
Au 0.111111 0.222222 0.888889
Au 0.111111 0.333333 0.000000
Au 0.111111 0.333333 0.111111
Au 0.111111 0.333333 0.222222
Au 0.111111 0.333333 0.333333
Au 0.111111 0.333333 0.444444
Au 0.111111 0.333333 0.555556
Au 0.111111 0.333333 0.666667
Au 0.111111 0.333333 0.777778
Au 0.111111 0.333333 0.888889
Au 0.111111 0.444444 0.000000
Au 0.111111 0.444444 0.111111
Au 0.111111 0.444444 0.222222
Au 0.111111 0.444444 0.333333
Au 0.111111 0.444444 0.444444
Au 0.111111 0.444444 0.555556
Au 0.111111 0.444444 0.666667
Au 0.111111 0.444444 0.777778
Au 0.111111 0.444444 0.888889
Au 0.111111 0.555556 0.000000
Au 0.111111 0.555556 0.111111
Au 0.111111 0.555556 0.222222
Au 0.111111 0.555556 0.333333
Au 0.111111 0.555556 0.444444
Au 0.111111 0.555556 0.555556
Au 0.111111 0.555556 0.666667
Au 0.111111 0.555556 0.777778
Au 0.111111 0.555556 0.888889
Au 0.111111 0.666667 0.000000
Au 0.111111 0.666667 0.111111
Au 0.111111 0.666667 0.222222
Au 0.111111 0.666667 0.333333
Au 0.111111 0.666667 0.444444
Au 0.111111 0.666667 0.555556
Au 0.111111 0.666667 0.666667
Au 0.111111 0.666667 0.777778
Au 0.111111 0.666667 0.888889
Au 0.111111 0.777778 0.000000
Au 0.111111 0.777778 0.111111
Au 0.111111 0.777778 0.222222
Au 0.111111 0.777778 0.333333
Au 0.111111 0.777778 0.444444
Au 0.111111 0.777778 0.555556
Au 0.111111 0.777778 0.666667
Au 0.111111 0.777778 0.777778
Au 0.111111 0.777778 0.888889
Au 0.111111 0.888889 0.000000
Au 0.111111 0.888889 0.111111
Au 0.111111 0.888889 0.222222
Au 0.111111 0.888889 0.333333
Au 0.111111 0.888889 0.444444
Au 0.111111 0.888889 0.555556
Au 0.111111 0.888889 0.666667
Au 0.111111 0.888889 0.777778
Au 0.111111 0.888889 0.888889
Au 0.222222 0.000000 0.000000
Au 0.222222 0.000000 0.111111
Au 0.222222 0.000000 0.222222
Au 0.222222 0.000000 0.333333
Au 0.222222 0.000000 0.444444
Au 0.222222 0.000000 0.555556
Au 0.222222 0.000000 0.666667
Au 0.222222 0.000000 0.777778
Au 0.222222 0.000000 0.888889
Au 0.222222 0.111111 0.000000
Au 0.222222 0.111111 0.111111
Au 0.222222 0.111111 0.222222
Au 0.222222 0.111111 0.333333
Au 0.222222 0.111111 0.444444
Au 0.222222 0.111111 0.555556
Au 0.222222 0.111111 0.666667
Au 0.222222 0.111111 0.777778
Au 0.222222 0.111111 0.888889
Au 0.222222 0.222222 0.000000
Au 0.222222 0.222222 0.111111
Au 0.222222 0.222222 0.222222
Au 0.222222 0.222222 0.333333
Au 0.222222 0.222222 0.444444
Au 0.222222 0.222222 0.555556
Au 0.222222 0.222222 0.666667
Au 0.222222 0.222222 0.777778
Au 0.222222 0.222222 0.888889
Au 0.222222 0.333333 0.000000
Au 0.222222 0.333333 0.111111
Au 0.222222 0.333333 0.222222
Au 0.222222 0.333333 0.333333
Au 0.222222 0.333333 0.444444
Au 0.222222 0.333333 0.555556
Au 0.222222 0.333333 0.666667
Au 0.222222 0.333333 0.777778
Au 0.222222 0.333333 0.888889
Au 0.222222 0.444444 0.000000
Au 0.222222 0.444444 0.111111
Au 0.222222 0.444444 0.222222
Au 0.222222 0.444444 0.333333
Au 0.222222 0.444444 0.444444
Au 0.222222 0.444444 0.555556
Au 0.222222 0.444444 0.666667
Au 0.222222 0.444444 0.777778
Au 0.222222 0.444444 0.888889
Au 0.222222 0.555556 0.000000
Au 0.222222 0.555556 0.111111
Au 0.222222 0.555556 0.222222
Au 0.222222 0.555556 0.333333
Au 0.222222 0.555556 0.444444
Au 0.222222 0.555556 0.555556
Au 0.222222 0.555556 0.666667
Au 0.222222 0.555556 0.777778
Au 0.222222 0.555556 0.888889
Au 0.222222 0.666667 0.000000
Au 0.222222 0.666667 0.111111
Au 0.222222 0.666667 0.222222
Au 0.222222 0.666667 0.333333
Au 0.222222 0.666667 0.444444
Au 0.222222 0.666667 0.555556
Au 0.222222 0.666667 0.666667
Au 0.222222 0.666667 0.777778
Au 0.222222 0.666667 0.888889
Au 0.222222 0.777778 0.000000
Au 0.222222 0.777778 0.111111
Au 0.222222 0.777778 0.222222
Au 0.222222 0.777778 0.333333
Au 0.222222 0.777778 0.444444
Au 0.222222 0.777778 0.555556
Au 0.222222 0.777778 0.666667
Au 0.222222 0.777778 0.777778
Au 0.222222 0.777778 0.888889
Au 0.222222 0.888889 0.000000
Au 0.222222 0.888889 0.111111
Au 0.222222 0.888889 0.222222
Au 0.222222 0.888889 0.333333
Au 0.222222 0.888889 0.444444
Au 0.222222 0.888889 0.555556
Au 0.222222 0.888889 0.666667
Au 0.222222 0.888889 0.777778
Au 0.222222 0.888889 0.888889
Au 0.333333 0.000000 0.000000
Au 0.333333 0.000000 0.111111
Au 0.333333 0.000000 0.222222
Au 0.333333 0.000000 0.333333
Au 0.333333 0.000000 0.444444
Au 0.333333 0.000000 0.555556
Au 0.333333 0.000000 0.666667
Au 0.333333 0.000000 0.777778
Au 0.333333 0.000000 0.888889
Au 0.333333 0.111111 0.000000
Au 0.333333 0.111111 0.111111
Au 0.333333 0.111111 0.222222
Au 0.333333 0.111111 0.333333
Au 0.333333 0.111111 0.444444
Au 0.333333 0.111111 0.555556
Au 0.333333 0.111111 0.666667
Au 0.333333 0.111111 0.777778
Au 0.333333 0.111111 0.888889
Au 0.333333 0.222222 0.000000
Au 0.333333 0.222222 0.111111
Au 0.333333 0.222222 0.222222
Au 0.333333 0.222222 0.333333
Au 0.333333 0.222222 0.444444
Au 0.333333 0.222222 0.555556
Au 0.333333 0.222222 0.666667
Au 0.333333 0.222222 0.777778
Au 0.333333 0.222222 0.888889
Au 0.333333 0.333333 0.000000
Au 0.333333 0.333333 0.111111
Au 0.333333 0.333333 0.222222
Au 0.333333 0.333333 0.333333
Au 0.333333 0.333333 0.444444
Au 0.333333 0.333333 0.555556
Au 0.333333 0.333333 0.666667
Au 0.333333 0.333333 0.777778
Au 0.333333 0.333333 0.888889
Au 0.333333 0.444444 0.000000
Au 0.333333 0.444444 0.111111
Au 0.333333 0.444444 0.222222
Au 0.333333 0.444444 0.333333
Au 0.333333 0.444444 0.444444
Au 0.333333 0.444444 0.555556
Au 0.333333 0.444444 0.666667
Au 0.333333 0.444444 0.777778
Au 0.333333 0.444444 0.888889
Au 0.333333 0.555556 0.000000
Au 0.333333 0.555556 0.111111
Au 0.333333 0.555556 0.222222
Au 0.333333 0.555556 0.333333
Au 0.333333 0.555556 0.444444
Au 0.333333 0.555556 0.555556
Au 0.333333 0.555556 0.666667
Au 0.333333 0.555556 0.777778
Au 0.333333 0.555556 0.888889
Au 0.333333 0.666667 0.000000
Au 0.333333 0.666667 0.111111
Au 0.333333 0.666667 0.222222
Au 0.333333 0.666667 0.333333
Au 0.333333 0.666667 0.444444
Au 0.333333 0.666667 0.555556
Au 0.333333 0.666667 0.666667
Au 0.333333 0.666667 0.777778
Au 0.333333 0.666667 0.888889
Au 0.333333 0.777778 0.000000
Au 0.333333 0.777778 0.111111
Au 0.333333 0.777778 0.222222
Au 0.333333 0.777778 0.333333
Au 0.333333 0.777778 0.444444
Au 0.333333 0.777778 0.555556
Au 0.333333 0.777778 0.666667
Au 0.333333 0.777778 0.777778
Au 0.333333 0.777778 0.888889
Au 0.333333 0.888889 0.000000
Au 0.333333 0.888889 0.111111
Au 0.333333 0.888889 0.222222
Au 0.333333 0.888889 0.333333
Au 0.333333 0.888889 0.444444
Au 0.333333 0.888889 0.555556
Au 0.333333 0.888889 0.666667
Au 0.333333 0.888889 0.777778
Au 0.333333 0.888889 0.888889
Au 0.444444 0.000000 0.000000
Au 0.444444 0.000000 0.111111
Au 0.444444 0.000000 0.222222
Au 0.444444 0.000000 0.333333
Au 0.444444 0.000000 0.444444
Au 0.444444 0.000000 0.555556
Au 0.444444 0.000000 0.666667
Au 0.444444 0.000000 0.777778
Au 0.444444 0.000000 0.888889
Au 0.444444 0.111111 0.000000
Au 0.444444 0.111111 0.111111
Au 0.444444 0.111111 0.222222
Au 0.444444 0.111111 0.333333
Au 0.444444 0.111111 0.444444
Au 0.444444 0.111111 0.555556
Au 0.444444 0.111111 0.666667
Au 0.444444 0.111111 0.777778
Au 0.444444 0.111111 0.888889
Au 0.444444 0.222222 0.000000
Au 0.444444 0.222222 0.111111
Au 0.444444 0.222222 0.222222
Au 0.444444 0.222222 0.333333
Au 0.444444 0.222222 0.444444
Au 0.444444 0.222222 0.555556
Au 0.444444 0.222222 0.666667
Au 0.444444 0.222222 0.777778
Au 0.444444 0.222222 0.888889
Au 0.444444 0.333333 0.000000
Au 0.444444 0.333333 0.111111
Au 0.444444 0.333333 0.222222
Au 0.444444 0.333333 0.333333
Au 0.444444 0.333333 0.444444
Au 0.444444 0.333333 0.555556
Au 0.444444 0.333333 0.666667
Au 0.444444 0.333333 0.777778
Au 0.444444 0.333333 0.888889
Au 0.444444 0.444444 0.000000
Au 0.444444 0.444444 0.111111
Au 0.444444 0.444444 0.222222
Au 0.444444 0.444444 0.333333
Au 0.444444 0.444444 0.444444
Au 0.444444 0.444444 0.555556
Au 0.444444 0.444444 0.666667
Au 0.444444 0.444444 0.777778
Au 0.444444 0.444444 0.888889
Au 0.444444 0.555556 0.000000
Au 0.444444 0.555556 0.111111
Au 0.444444 0.555556 0.222222
Au 0.444444 0.555556 0.333333
Au 0.444444 0.555556 0.444444
Au 0.444444 0.555556 0.555556
Au 0.444444 0.555556 0.666667
Au 0.444444 0.555556 0.777778
Au 0.444444 0.555556 0.888889
Au 0.444444 0.666667 0.000000
Au 0.444444 0.666667 0.111111
Au 0.444444 0.666667 0.222222
Au 0.444444 0.666667 0.333333
Au 0.444444 0.666667 0.444444
Au 0.444444 0.666667 0.555556
Au 0.444444 0.666667 0.666667
Au 0.444444 0.666667 0.777778
Au 0.444444 0.666667 0.888889
Au 0.444444 0.777778 0.000000
Au 0.444444 0.777778 0.111111
Au 0.444444 0.777778 0.222222
Au 0.444444 0.777778 0.333333
Au 0.444444 0.777778 0.444444
Au 0.444444 0.777778 0.555556
Au 0.444444 0.777778 0.666667
Au 0.444444 0.777778 0.777778
Au 0.444444 0.777778 0.888889
Au 0.444444 0.888889 0.000000
Au 0.444444 0.888889 0.111111
Au 0.444444 0.888889 0.222222
Au 0.444444 0.888889 0.333333
Au 0.444444 0.888889 0.444444
Au 0.444444 0.888889 0.555556
Au 0.444444 0.888889 0.666667
Au 0.444444 0.888889 0.777778
Au 0.444444 0.888889 0.888889
Au 0.555556 0.000000 0.000000
Au 0.555556 0.000000 0.111111
Au 0.555556 0.000000 0.222222
Au 0.555556 0.000000 0.333333
Au 0.555556 0.000000 0.444444
Au 0.555556 0.000000 0.555556
Au 0.555556 0.000000 0.666667
Au 0.555556 0.000000 0.777778
Au 0.555556 0.000000 0.888889
Au 0.555556 0.111111 0.000000
Au 0.555556 0.111111 0.111111
Au 0.555556 0.111111 0.222222
Au 0.555556 0.111111 0.333333
Au 0.555556 0.111111 0.444444
Au 0.555556 0.111111 0.555556
Au 0.555556 0.111111 0.666667
Au 0.555556 0.111111 0.777778
Au 0.555556 0.111111 0.888889
Au 0.555556 0.222222 0.000000
Au 0.555556 0.222222 0.111111
Au 0.555556 0.222222 0.222222
Au 0.555556 0.222222 0.333333
Au 0.555556 0.222222 0.444444
Au 0.555556 0.222222 0.555556
Au 0.555556 0.222222 0.666667
Au 0.555556 0.222222 0.777778
Au 0.555556 0.222222 0.888889
Au 0.555556 0.333333 0.000000
Au 0.555556 0.333333 0.111111
Au 0.555556 0.333333 0.222222
Au 0.555556 0.333333 0.333333
Au 0.555556 0.333333 0.444444
Au 0.555556 0.333333 0.555556
Au 0.555556 0.333333 0.666667
Au 0.555556 0.333333 0.777778
Au 0.555556 0.333333 0.888889
Au 0.555556 0.444444 0.000000
Au 0.555556 0.444444 0.111111
Au 0.555556 0.444444 0.222222
Au 0.555556 0.444444 0.333333
Au 0.555556 0.444444 0.444444
Au 0.555556 0.444444 0.555556
Au 0.555556 0.444444 0.666667
Au 0.555556 0.444444 0.777778
Au 0.555556 0.444444 0.888889
Au 0.555556 0.555556 0.000000
Au 0.555556 0.555556 0.111111
Au 0.555556 0.555556 0.222222
Au 0.555556 0.555556 0.333333
Au 0.555556 0.555556 0.444444
Au 0.555556 0.555556 0.555556
Au 0.555556 0.555556 0.666667
Au 0.555556 0.555556 0.777778
Au 0.555556 0.555556 0.888889
Au 0.555556 0.666667 0.000000
Au 0.555556 0.666667 0.111111
Au 0.555556 0.666667 0.222222
Au 0.555556 0.666667 0.333333
Au 0.555556 0.666667 0.444444
Au 0.555556 0.666667 0.555556
Au 0.555556 0.666667 0.666667
Au 0.555556 0.666667 0.777778
Au 0.555556 0.666667 0.888889
Au 0.555556 0.777778 0.000000
Au 0.555556 0.777778 0.111111
Au 0.555556 0.777778 0.222222
Au 0.555556 0.777778 0.333333
Au 0.555556 0.777778 0.444444
Au 0.555556 0.777778 0.555556
Au 0.555556 0.777778 0.666667
Au 0.555556 0.777778 0.777778
Au 0.555556 0.777778 0.888889
Au 0.555556 0.888889 0.000000
Au 0.555556 0.888889 0.111111
Au 0.555556 0.888889 0.222222
Au 0.555556 0.888889 0.333333
Au 0.555556 0.888889 0.444444
Au 0.555556 0.888889 0.555556
Au 0.555556 0.888889 0.666667
Au 0.555556 0.888889 0.777778
Au 0.555556 0.888889 0.888889
Au 0.666667 0.000000 0.000000
Au 0.666667 0.000000 0.111111
Au 0.666667 0.000000 0.222222
Au 0.666667 0.000000 0.333333
Au 0.666667 0.000000 0.444444
Au 0.666667 0.000000 0.555556
Au 0.666667 0.000000 0.666667
Au 0.666667 0.000000 0.777778
Au 0.666667 0.000000 0.888889
Au 0.666667 0.111111 0.000000
Au 0.666667 0.111111 0.111111
Au 0.666667 0.111111 0.222222
Au 0.666667 0.111111 0.333333
Au 0.666667 0.111111 0.444444
Au 0.666667 0.111111 0.555556
Au 0.666667 0.111111 0.666667
Au 0.666667 0.111111 0.777778
Au 0.666667 0.111111 0.888889
Au 0.666667 0.222222 0.000000
Au 0.666667 0.222222 0.111111
Au 0.666667 0.222222 0.222222
Au 0.666667 0.222222 0.333333
Au 0.666667 0.222222 0.444444
Au 0.666667 0.222222 0.555556
Au 0.666667 0.222222 0.666667
Au 0.666667 0.222222 0.777778
Au 0.666667 0.222222 0.888889
Au 0.666667 0.333333 0.000000
Au 0.666667 0.333333 0.111111
Au 0.666667 0.333333 0.222222
Au 0.666667 0.333333 0.333333
Au 0.666667 0.333333 0.444444
Au 0.666667 0.333333 0.555556
Au 0.666667 0.333333 0.666667
Au 0.666667 0.333333 0.777778
Au 0.666667 0.333333 0.888889
Au 0.666667 0.444444 0.000000
Au 0.666667 0.444444 0.111111
Au 0.666667 0.444444 0.222222
Au 0.666667 0.444444 0.333333
Au 0.666667 0.444444 0.444444
Au 0.666667 0.444444 0.555556
Au 0.666667 0.444444 0.666667
Au 0.666667 0.444444 0.777778
Au 0.666667 0.444444 0.888889
Au 0.666667 0.555556 0.000000
Au 0.666667 0.555556 0.111111
Au 0.666667 0.555556 0.222222
Au 0.666667 0.555556 0.333333
Au 0.666667 0.555556 0.444444
Au 0.666667 0.555556 0.555556
Au 0.666667 0.555556 0.666667
Au 0.666667 0.555556 0.777778
Au 0.666667 0.555556 0.888889
Au 0.666667 0.666667 0.000000
Au 0.666667 0.666667 0.111111
Au 0.666667 0.666667 0.222222
Au 0.666667 0.666667 0.333333
Au 0.666667 0.666667 0.444444
Au 0.666667 0.666667 0.555556
Au 0.666667 0.666667 0.666667
Au 0.666667 0.666667 0.777778
Au 0.666667 0.666667 0.888889
Au 0.666667 0.777778 0.000000
Au 0.666667 0.777778 0.111111
Au 0.666667 0.777778 0.222222
Au 0.666667 0.777778 0.333333
Au 0.666667 0.777778 0.444444
Au 0.666667 0.777778 0.555556
Au 0.666667 0.777778 0.666667
Au 0.666667 0.777778 0.777778
Au 0.666667 0.777778 0.888889
Au 0.666667 0.888889 0.000000
Au 0.666667 0.888889 0.111111
Au 0.666667 0.888889 0.222222
Au 0.666667 0.888889 0.333333
Au 0.666667 0.888889 0.444444
Au 0.666667 0.888889 0.555556
Au 0.666667 0.888889 0.666667
Au 0.666667 0.888889 0.777778
Au 0.666667 0.888889 0.888889
Au 0.777778 0.000000 0.000000
Au 0.777778 0.000000 0.111111
Au 0.777778 0.000000 0.222222
Au 0.777778 0.000000 0.333333
Au 0.777778 0.000000 0.444444
Au 0.777778 0.000000 0.555556
Au 0.777778 0.000000 0.666667
Au 0.777778 0.000000 0.777778
Au 0.777778 0.000000 0.888889
Au 0.777778 0.111111 0.000000
Au 0.777778 0.111111 0.111111
Au 0.777778 0.111111 0.222222
Au 0.777778 0.111111 0.333333
Au 0.777778 0.111111 0.444444
Au 0.777778 0.111111 0.555556
Au 0.777778 0.111111 0.666667
Au 0.777778 0.111111 0.777778
Au 0.777778 0.111111 0.888889
Au 0.777778 0.222222 0.000000
Au 0.777778 0.222222 0.111111
Au 0.777778 0.222222 0.222222
Au 0.777778 0.222222 0.333333
Au 0.777778 0.222222 0.444444
Au 0.777778 0.222222 0.555556
Au 0.777778 0.222222 0.666667
Au 0.777778 0.222222 0.777778
Au 0.777778 0.222222 0.888889
Au 0.777778 0.333333 0.000000
Au 0.777778 0.333333 0.111111
Au 0.777778 0.333333 0.222222
Au 0.777778 0.333333 0.333333
Au 0.777778 0.333333 0.444444
Au 0.777778 0.333333 0.555556
Au 0.777778 0.333333 0.666667
Au 0.777778 0.333333 0.777778
Au 0.777778 0.333333 0.888889
Au 0.777778 0.444444 0.000000
Au 0.777778 0.444444 0.111111
Au 0.777778 0.444444 0.222222
Au 0.777778 0.444444 0.333333
Au 0.777778 0.444444 0.444444
Au 0.777778 0.444444 0.555556
Au 0.777778 0.444444 0.666667
Au 0.777778 0.444444 0.777778
Au 0.777778 0.444444 0.888889
Au 0.777778 0.555556 0.000000
Au 0.777778 0.555556 0.111111
Au 0.777778 0.555556 0.222222
Au 0.777778 0.555556 0.333333
Au 0.777778 0.555556 0.444444
Au 0.777778 0.555556 0.555556
Au 0.777778 0.555556 0.666667
Au 0.777778 0.555556 0.777778
Au 0.777778 0.555556 0.888889
Au 0.777778 0.666667 0.000000
Au 0.777778 0.666667 0.111111
Au 0.777778 0.666667 0.222222
Au 0.777778 0.666667 0.333333
Au 0.777778 0.666667 0.444444
Au 0.777778 0.666667 0.555556
Au 0.777778 0.666667 0.666667
Au 0.777778 0.666667 0.777778
Au 0.777778 0.666667 0.888889
Au 0.777778 0.777778 0.000000
Au 0.777778 0.777778 0.111111
Au 0.777778 0.777778 0.222222
Au 0.777778 0.777778 0.333333
Au 0.777778 0.777778 0.444444
Au 0.777778 0.777778 0.555556
Au 0.777778 0.777778 0.666667
Au 0.777778 0.777778 0.777778
Au 0.777778 0.777778 0.888889
Au 0.777778 0.888889 0.000000
Au 0.777778 0.888889 0.111111
Au 0.777778 0.888889 0.222222
Au 0.777778 0.888889 0.333333
Au 0.777778 0.888889 0.444444
Au 0.777778 0.888889 0.555556
Au 0.777778 0.888889 0.666667
Au 0.777778 0.888889 0.777778
Au 0.777778 0.888889 0.888889
Au 0.888889 0.000000 0.000000
Au 0.888889 0.000000 0.111111
Au 0.888889 0.000000 0.222222
Au 0.888889 0.000000 0.333333
Au 0.888889 0.000000 0.444444
Au 0.888889 0.000000 0.555556
Au 0.888889 0.000000 0.666667
Au 0.888889 0.000000 0.777778
Au 0.888889 0.000000 0.888889
Au 0.888889 0.111111 0.000000
Au 0.888889 0.111111 0.111111
Au 0.888889 0.111111 0.222222
Au 0.888889 0.111111 0.333333
Au 0.888889 0.111111 0.444444
Au 0.888889 0.111111 0.555556
Au 0.888889 0.111111 0.666667
Au 0.888889 0.111111 0.777778
Au 0.888889 0.111111 0.888889
Au 0.888889 0.222222 0.000000
Au 0.888889 0.222222 0.111111
Au 0.888889 0.222222 0.222222
Au 0.888889 0.222222 0.333333
Au 0.888889 0.222222 0.444444
Au 0.888889 0.222222 0.555556
Au 0.888889 0.222222 0.666667
Au 0.888889 0.222222 0.777778
Au 0.888889 0.222222 0.888889
Au 0.888889 0.333333 0.000000
Au 0.888889 0.333333 0.111111
Au 0.888889 0.333333 0.222222
Au 0.888889 0.333333 0.333333
Au 0.888889 0.333333 0.444444
Au 0.888889 0.333333 0.555556
Au 0.888889 0.333333 0.666667
Au 0.888889 0.333333 0.777778
Au 0.888889 0.333333 0.888889
Au 0.888889 0.444444 0.000000
Au 0.888889 0.444444 0.111111
Au 0.888889 0.444444 0.222222
Au 0.888889 0.444444 0.333333
Au 0.888889 0.444444 0.444444
Au 0.888889 0.444444 0.555556
Au 0.888889 0.444444 0.666667
Au 0.888889 0.444444 0.777778
Au 0.888889 0.444444 0.888889
Au 0.888889 0.555556 0.000000
Au 0.888889 0.555556 0.111111
Au 0.888889 0.555556 0.222222
Au 0.888889 0.555556 0.333333
Au 0.888889 0.555556 0.444444
Au 0.888889 0.555556 0.555556
Au 0.888889 0.555556 0.666667
Au 0.888889 0.555556 0.777778
Au 0.888889 0.555556 0.888889
Au 0.888889 0.666667 0.000000
Au 0.888889 0.666667 0.111111
Au 0.888889 0.666667 0.222222
Au 0.888889 0.666667 0.333333
Au 0.888889 0.666667 0.444444
Au 0.888889 0.666667 0.555556
Au 0.888889 0.666667 0.666667
Au 0.888889 0.666667 0.777778
Au 0.888889 0.666667 0.888889
Au 0.888889 0.777778 0.000000
Au 0.888889 0.777778 0.111111
Au 0.888889 0.777778 0.222222
Au 0.888889 0.777778 0.333333
Au 0.888889 0.777778 0.444444
Au 0.888889 0.777778 0.555556
Au 0.888889 0.777778 0.666667
Au 0.888889 0.777778 0.777778
Au 0.888889 0.777778 0.888889
Au 0.888889 0.888889 0.000000
Au 0.888889 0.888889 0.111111
Au 0.888889 0.888889 0.222222
Au 0.888889 0.888889 0.333333
Au 0.888889 0.888889 0.444444
Au 0.888889 0.888889 0.555556
Au 0.888889 0.888889 0.666667
Au 0.888889 0.888889 0.777778
Au 0.888889 0.888889 0.888889
Au 0.000000 0.055556 0.055556
Au 0.000000 0.055556 0.166667
Au 0.000000 0.055556 0.277778
Au 0.000000 0.055556 0.388889
Au 0.000000 0.055556 0.500000
Au 0.000000 0.055556 0.611111
Au 0.000000 0.055556 0.722222
Au 0.000000 0.055556 0.833333
Au 0.000000 0.055556 0.944444
Au 0.000000 0.166667 0.055556
Au 0.000000 0.166667 0.166667
Au 0.000000 0.166667 0.277778
Au 0.000000 0.166667 0.388889
Au 0.000000 0.166667 0.500000
Au 0.000000 0.166667 0.611111
Au 0.000000 0.166667 0.722222
Au 0.000000 0.166667 0.833333
Au 0.000000 0.166667 0.944444
Au 0.000000 0.277778 0.055556
Au 0.000000 0.277778 0.166667
Au 0.000000 0.277778 0.277778
Au 0.000000 0.277778 0.388889
Au 0.000000 0.277778 0.500000
Au 0.000000 0.277778 0.611111
Au 0.000000 0.277778 0.722222
Au 0.000000 0.277778 0.833333
Au 0.000000 0.277778 0.944444
Au 0.000000 0.388889 0.055556
Au 0.000000 0.388889 0.166667
Au 0.000000 0.388889 0.277778
Au 0.000000 0.388889 0.388889
Au 0.000000 0.388889 0.500000
Au 0.000000 0.388889 0.611111
Au 0.000000 0.388889 0.722222
Au 0.000000 0.388889 0.833333
Au 0.000000 0.388889 0.944444
Au 0.000000 0.500000 0.055556
Au 0.000000 0.500000 0.166667
Au 0.000000 0.500000 0.277778
Au 0.000000 0.500000 0.388889
Au 0.000000 0.500000 0.500000
Au 0.000000 0.500000 0.611111
Au 0.000000 0.500000 0.722222
Au 0.000000 0.500000 0.833333
Au 0.000000 0.500000 0.944444
Au 0.000000 0.611111 0.055556
Au 0.000000 0.611111 0.166667
Au 0.000000 0.611111 0.277778
Au 0.000000 0.611111 0.388889
Au 0.000000 0.611111 0.500000
Au 0.000000 0.611111 0.611111
Au 0.000000 0.611111 0.722222
Au 0.000000 0.611111 0.833333
Au 0.000000 0.611111 0.944444
Au 0.000000 0.722222 0.055556
Au 0.000000 0.722222 0.166667
Au 0.000000 0.722222 0.277778
Au 0.000000 0.722222 0.388889
Au 0.000000 0.722222 0.500000
Au 0.000000 0.722222 0.611111
Au 0.000000 0.722222 0.722222
Au 0.000000 0.722222 0.833333
Au 0.000000 0.722222 0.944444
Au 0.000000 0.833333 0.055556
Au 0.000000 0.833333 0.166667
Au 0.000000 0.833333 0.277778
Au 0.000000 0.833333 0.388889
Au 0.000000 0.833333 0.500000
Au 0.000000 0.833333 0.611111
Au 0.000000 0.833333 0.722222
Au 0.000000 0.833333 0.833333
Au 0.000000 0.833333 0.944444
Au 0.000000 0.944444 0.055556
Au 0.000000 0.944444 0.166667
Au 0.000000 0.944444 0.277778
Au 0.000000 0.944444 0.388889
Au 0.000000 0.944444 0.500000
Au 0.000000 0.944444 0.611111
Au 0.000000 0.944444 0.722222
Au 0.000000 0.944444 0.833333
Au 0.000000 0.944444 0.944444
Au 0.111111 0.055556 0.055556
Au 0.111111 0.055556 0.166667
Au 0.111111 0.055556 0.277778
Au 0.111111 0.055556 0.388889
Au 0.111111 0.055556 0.500000
Au 0.111111 0.055556 0.611111
Au 0.111111 0.055556 0.722222
Au 0.111111 0.055556 0.833333
Au 0.111111 0.055556 0.944444
Au 0.111111 0.166667 0.055556
Au 0.111111 0.166667 0.166667
Au 0.111111 0.166667 0.277778
Au 0.111111 0.166667 0.388889
Au 0.111111 0.166667 0.500000
Au 0.111111 0.166667 0.611111
Au 0.111111 0.166667 0.722222
Au 0.111111 0.166667 0.833333
Au 0.111111 0.166667 0.944444
Au 0.111111 0.277778 0.055556
Au 0.111111 0.277778 0.166667
Au 0.111111 0.277778 0.277778
Au 0.111111 0.277778 0.388889
Au 0.111111 0.277778 0.500000
Au 0.111111 0.277778 0.611111
Au 0.111111 0.277778 0.722222
Au 0.111111 0.277778 0.833333
Au 0.111111 0.277778 0.944444
Au 0.111111 0.388889 0.055556
Au 0.111111 0.388889 0.166667
Au 0.111111 0.388889 0.277778
Au 0.111111 0.388889 0.388889
Au 0.111111 0.388889 0.500000
Au 0.111111 0.388889 0.611111
Au 0.111111 0.388889 0.722222
Au 0.111111 0.388889 0.833333
Au 0.111111 0.388889 0.944444
Au 0.111111 0.500000 0.055556
Au 0.111111 0.500000 0.166667
Au 0.111111 0.500000 0.277778
Au 0.111111 0.500000 0.388889
Au 0.111111 0.500000 0.500000
Au 0.111111 0.500000 0.611111
Au 0.111111 0.500000 0.722222
Au 0.111111 0.500000 0.833333
Au 0.111111 0.500000 0.944444
Au 0.111111 0.611111 0.055556
Au 0.111111 0.611111 0.166667
Au 0.111111 0.611111 0.277778
Au 0.111111 0.611111 0.388889
Au 0.111111 0.611111 0.500000
Au 0.111111 0.611111 0.611111
Au 0.111111 0.611111 0.722222
Au 0.111111 0.611111 0.833333
Au 0.111111 0.611111 0.944444
Au 0.111111 0.722222 0.055556
Au 0.111111 0.722222 0.166667
Au 0.111111 0.722222 0.277778
Au 0.111111 0.722222 0.388889
Au 0.111111 0.722222 0.500000
Au 0.111111 0.722222 0.611111
Au 0.111111 0.722222 0.722222
Au 0.111111 0.722222 0.833333
Au 0.111111 0.722222 0.944444
Au 0.111111 0.833333 0.055556
Au 0.111111 0.833333 0.166667
Au 0.111111 0.833333 0.277778
Au 0.111111 0.833333 0.388889
Au 0.111111 0.833333 0.500000
Au 0.111111 0.833333 0.611111
Au 0.111111 0.833333 0.722222
Au 0.111111 0.833333 0.833333
Au 0.111111 0.833333 0.944444
Au 0.111111 0.944444 0.055556
Au 0.111111 0.944444 0.166667
Au 0.111111 0.944444 0.277778
Au 0.111111 0.944444 0.388889
Au 0.111111 0.944444 0.500000
Au 0.111111 0.944444 0.611111
Au 0.111111 0.944444 0.722222
Au 0.111111 0.944444 0.833333
Au 0.111111 0.944444 0.944444
Au 0.222222 0.055556 0.055556
Au 0.222222 0.055556 0.166667
Au 0.222222 0.055556 0.277778
Au 0.222222 0.055556 0.388889
Au 0.222222 0.055556 0.500000
Au 0.222222 0.055556 0.611111
Au 0.222222 0.055556 0.722222
Au 0.222222 0.055556 0.833333
Au 0.222222 0.055556 0.944444
Au 0.222222 0.166667 0.055556
Au 0.222222 0.166667 0.166667
Au 0.222222 0.166667 0.277778
Au 0.222222 0.166667 0.388889
Au 0.222222 0.166667 0.500000
Au 0.222222 0.166667 0.611111
Au 0.222222 0.166667 0.722222
Au 0.222222 0.166667 0.833333
Au 0.222222 0.166667 0.944444
Au 0.222222 0.277778 0.055556
Au 0.222222 0.277778 0.166667
Au 0.222222 0.277778 0.277778
Au 0.222222 0.277778 0.388889
Au 0.222222 0.277778 0.500000
Au 0.222222 0.277778 0.611111
Au 0.222222 0.277778 0.722222
Au 0.222222 0.277778 0.833333
Au 0.222222 0.277778 0.944444
Au 0.222222 0.388889 0.055556
Au 0.222222 0.388889 0.166667
Au 0.222222 0.388889 0.277778
Au 0.222222 0.388889 0.388889
Au 0.222222 0.388889 0.500000
Au 0.222222 0.388889 0.611111
Au 0.222222 0.388889 0.722222
Au 0.222222 0.388889 0.833333
Au 0.222222 0.388889 0.944444
Au 0.222222 0.500000 0.055556
Au 0.222222 0.500000 0.166667
Au 0.222222 0.500000 0.277778
Au 0.222222 0.500000 0.388889
Au 0.222222 0.500000 0.500000
Au 0.222222 0.500000 0.611111
Au 0.222222 0.500000 0.722222
Au 0.222222 0.500000 0.833333
Au 0.222222 0.500000 0.944444
Au 0.222222 0.611111 0.055556
Au 0.222222 0.611111 0.166667
Au 0.222222 0.611111 0.277778
Au 0.222222 0.611111 0.388889
Au 0.222222 0.611111 0.500000
Au 0.222222 0.611111 0.611111
Au 0.222222 0.611111 0.722222
Au 0.222222 0.611111 0.833333
Au 0.222222 0.611111 0.944444
Au 0.222222 0.722222 0.055556
Au 0.222222 0.722222 0.166667
Au 0.222222 0.722222 0.277778
Au 0.222222 0.722222 0.388889
Au 0.222222 0.722222 0.500000
Au 0.222222 0.722222 0.611111
Au 0.222222 0.722222 0.722222
Au 0.222222 0.722222 0.833333
Au 0.222222 0.722222 0.944444
Au 0.222222 0.833333 0.055556
Au 0.222222 0.833333 0.166667
Au 0.222222 0.833333 0.277778
Au 0.222222 0.833333 0.388889
Au 0.222222 0.833333 0.500000
Au 0.222222 0.833333 0.611111
Au 0.222222 0.833333 0.722222
Au 0.222222 0.833333 0.833333
Au 0.222222 0.833333 0.944444
Au 0.222222 0.944444 0.055556
Au 0.222222 0.944444 0.166667
Au 0.222222 0.944444 0.277778
Au 0.222222 0.944444 0.388889
Au 0.222222 0.944444 0.500000
Au 0.222222 0.944444 0.611111
Au 0.222222 0.944444 0.722222
Au 0.222222 0.944444 0.833333
Au 0.222222 0.944444 0.944444
Au 0.333333 0.055556 0.055556
Au 0.333333 0.055556 0.166667
Au 0.333333 0.055556 0.277778
Au 0.333333 0.055556 0.388889
Au 0.333333 0.055556 0.500000
Au 0.333333 0.055556 0.611111
Au 0.333333 0.055556 0.722222
Au 0.333333 0.055556 0.833333
Au 0.333333 0.055556 0.944444
Au 0.333333 0.166667 0.055556
Au 0.333333 0.166667 0.166667
Au 0.333333 0.166667 0.277778
Au 0.333333 0.166667 0.388889
Au 0.333333 0.166667 0.500000
Au 0.333333 0.166667 0.611111
Au 0.333333 0.166667 0.722222
Au 0.333333 0.166667 0.833333
Au 0.333333 0.166667 0.944444
Au 0.333333 0.277778 0.055556
Au 0.333333 0.277778 0.166667
Au 0.333333 0.277778 0.277778
Au 0.333333 0.277778 0.388889
Au 0.333333 0.277778 0.500000
Au 0.333333 0.277778 0.611111
Au 0.333333 0.277778 0.722222
Au 0.333333 0.277778 0.833333
Au 0.333333 0.277778 0.944444
Au 0.333333 0.388889 0.055556
Au 0.333333 0.388889 0.166667
Au 0.333333 0.388889 0.277778
Au 0.333333 0.388889 0.388889
Au 0.333333 0.388889 0.500000
Au 0.333333 0.388889 0.611111
Au 0.333333 0.388889 0.722222
Au 0.333333 0.388889 0.833333
Au 0.333333 0.388889 0.944444
Au 0.333333 0.500000 0.055556
Au 0.333333 0.500000 0.166667
Au 0.333333 0.500000 0.277778
Au 0.333333 0.500000 0.388889
Au 0.333333 0.500000 0.500000
Au 0.333333 0.500000 0.611111
Au 0.333333 0.500000 0.722222
Au 0.333333 0.500000 0.833333
Au 0.333333 0.500000 0.944444
Au 0.333333 0.611111 0.055556
Au 0.333333 0.611111 0.166667
Au 0.333333 0.611111 0.277778
Au 0.333333 0.611111 0.388889
Au 0.333333 0.611111 0.500000
Au 0.333333 0.611111 0.611111
Au 0.333333 0.611111 0.722222
Au 0.333333 0.611111 0.833333
Au 0.333333 0.611111 0.944444
Au 0.333333 0.722222 0.055556
Au 0.333333 0.722222 0.166667
Au 0.333333 0.722222 0.277778
Au 0.333333 0.722222 0.388889
Au 0.333333 0.722222 0.500000
Au 0.333333 0.722222 0.611111
Au 0.333333 0.722222 0.722222
Au 0.333333 0.722222 0.833333
Au 0.333333 0.722222 0.944444
Au 0.333333 0.833333 0.055556
Au 0.333333 0.833333 0.166667
Au 0.333333 0.833333 0.277778
Au 0.333333 0.833333 0.388889
Au 0.333333 0.833333 0.500000
Au 0.333333 0.833333 0.611111
Au 0.333333 0.833333 0.722222
Au 0.333333 0.833333 0.833333
Au 0.333333 0.833333 0.944444
Au 0.333333 0.944444 0.055556
Au 0.333333 0.944444 0.166667
Au 0.333333 0.944444 0.277778
Au 0.333333 0.944444 0.388889
Au 0.333333 0.944444 0.500000
Au 0.333333 0.944444 0.611111
Au 0.333333 0.944444 0.722222
Au 0.333333 0.944444 0.833333
Au 0.333333 0.944444 0.944444
Au 0.444444 0.055556 0.055556
Au 0.444444 0.055556 0.166667
Au 0.444444 0.055556 0.277778
Au 0.444444 0.055556 0.388889
Au 0.444444 0.055556 0.500000
Au 0.444444 0.055556 0.611111
Au 0.444444 0.055556 0.722222
Au 0.444444 0.055556 0.833333
Au 0.444444 0.055556 0.944444
Au 0.444444 0.166667 0.055556
Au 0.444444 0.166667 0.166667
Au 0.444444 0.166667 0.277778
Au 0.444444 0.166667 0.388889
Au 0.444444 0.166667 0.500000
Au 0.444444 0.166667 0.611111
Au 0.444444 0.166667 0.722222
Au 0.444444 0.166667 0.833333
Au 0.444444 0.166667 0.944444
Au 0.444444 0.277778 0.055556
Au 0.444444 0.277778 0.166667
Au 0.444444 0.277778 0.277778
Au 0.444444 0.277778 0.388889
Au 0.444444 0.277778 0.500000
Au 0.444444 0.277778 0.611111
Au 0.444444 0.277778 0.722222
Au 0.444444 0.277778 0.833333
Au 0.444444 0.277778 0.944444
Au 0.444444 0.388889 0.055556
Au 0.444444 0.388889 0.166667
Au 0.444444 0.388889 0.277778
Au 0.444444 0.388889 0.388889
Au 0.444444 0.388889 0.500000
Au 0.444444 0.388889 0.611111
Au 0.444444 0.388889 0.722222
Au 0.444444 0.388889 0.833333
Au 0.444444 0.388889 0.944444
Au 0.444444 0.500000 0.055556
Au 0.444444 0.500000 0.166667
Au 0.444444 0.500000 0.277778
Au 0.444444 0.500000 0.388889
Au 0.444444 0.500000 0.500000
Au 0.444444 0.500000 0.611111
Au 0.444444 0.500000 0.722222
Au 0.444444 0.500000 0.833333
Au 0.444444 0.500000 0.944444
Au 0.444444 0.611111 0.055556
Au 0.444444 0.611111 0.166667
Au 0.444444 0.611111 0.277778
Au 0.444444 0.611111 0.388889
Au 0.444444 0.611111 0.500000
Au 0.444444 0.611111 0.611111
Au 0.444444 0.611111 0.722222
Au 0.444444 0.611111 0.833333
Au 0.444444 0.611111 0.944444
Au 0.444444 0.722222 0.055556
Au 0.444444 0.722222 0.166667
Au 0.444444 0.722222 0.277778
Au 0.444444 0.722222 0.388889
Au 0.444444 0.722222 0.500000
Au 0.444444 0.722222 0.611111
Au 0.444444 0.722222 0.722222
Au 0.444444 0.722222 0.833333
Au 0.444444 0.722222 0.944444
Au 0.444444 0.833333 0.055556
Au 0.444444 0.833333 0.166667
Au 0.444444 0.833333 0.277778
Au 0.444444 0.833333 0.388889
Au 0.444444 0.833333 0.500000
Au 0.444444 0.833333 0.611111
Au 0.444444 0.833333 0.722222
Au 0.444444 0.833333 0.833333
Au 0.444444 0.833333 0.944444
Au 0.444444 0.944444 0.055556
Au 0.444444 0.944444 0.166667
Au 0.444444 0.944444 0.277778
Au 0.444444 0.944444 0.388889
Au 0.444444 0.944444 0.500000
Au 0.444444 0.944444 0.611111
Au 0.444444 0.944444 0.722222
Au 0.444444 0.944444 0.833333
Au 0.444444 0.944444 0.944444
Au 0.555556 0.055556 0.055556
Au 0.555556 0.055556 0.166667
Au 0.555556 0.055556 0.277778
Au 0.555556 0.055556 0.388889
Au 0.555556 0.055556 0.500000
Au 0.555556 0.055556 0.611111
Au 0.555556 0.055556 0.722222
Au 0.555556 0.055556 0.833333
Au 0.555556 0.055556 0.944444
Au 0.555556 0.166667 0.055556
Au 0.555556 0.166667 0.166667
Au 0.555556 0.166667 0.277778
Au 0.555556 0.166667 0.388889
Au 0.555556 0.166667 0.500000
Au 0.555556 0.166667 0.611111
Au 0.555556 0.166667 0.722222
Au 0.555556 0.166667 0.833333
Au 0.555556 0.166667 0.944444
Au 0.555556 0.277778 0.055556
Au 0.555556 0.277778 0.166667
Au 0.555556 0.277778 0.277778
Au 0.555556 0.277778 0.388889
Au 0.555556 0.277778 0.500000
Au 0.555556 0.277778 0.611111
Au 0.555556 0.277778 0.722222
Au 0.555556 0.277778 0.833333
Au 0.555556 0.277778 0.944444
Au 0.555556 0.388889 0.055556
Au 0.555556 0.388889 0.166667
Au 0.555556 0.388889 0.277778
Au 0.555556 0.388889 0.388889
Au 0.555556 0.388889 0.500000
Au 0.555556 0.388889 0.611111
Au 0.555556 0.388889 0.722222
Au 0.555556 0.388889 0.833333
Au 0.555556 0.388889 0.944444
Au 0.555556 0.500000 0.055556
Au 0.555556 0.500000 0.166667
Au 0.555556 0.500000 0.277778
Au 0.555556 0.500000 0.388889
Au 0.555556 0.500000 0.500000
Au 0.555556 0.500000 0.611111
Au 0.555556 0.500000 0.722222
Au 0.555556 0.500000 0.833333
Au 0.555556 0.500000 0.944444
Au 0.555556 0.611111 0.055556
Au 0.555556 0.611111 0.166667
Au 0.555556 0.611111 0.277778
Au 0.555556 0.611111 0.388889
Au 0.555556 0.611111 0.500000
Au 0.555556 0.611111 0.611111
Au 0.555556 0.611111 0.722222
Au 0.555556 0.611111 0.833333
Au 0.555556 0.611111 0.944444
Au 0.555556 0.722222 0.055556
Au 0.555556 0.722222 0.166667
Au 0.555556 0.722222 0.277778
Au 0.555556 0.722222 0.388889
Au 0.555556 0.722222 0.500000
Au 0.555556 0.722222 0.611111
Au 0.555556 0.722222 0.722222
Au 0.555556 0.722222 0.833333
Au 0.555556 0.722222 0.944444
Au 0.555556 0.833333 0.055556
Au 0.555556 0.833333 0.166667
Au 0.555556 0.833333 0.277778
Au 0.555556 0.833333 0.388889
Au 0.555556 0.833333 0.500000
Au 0.555556 0.833333 0.611111
Au 0.555556 0.833333 0.722222
Au 0.555556 0.833333 0.833333
Au 0.555556 0.833333 0.944444
Au 0.555556 0.944444 0.055556
Au 0.555556 0.944444 0.166667
Au 0.555556 0.944444 0.277778
Au 0.555556 0.944444 0.388889
Au 0.555556 0.944444 0.500000
Au 0.555556 0.944444 0.611111
Au 0.555556 0.944444 0.722222
Au 0.555556 0.944444 0.833333
Au 0.555556 0.944444 0.944444
Au 0.666667 0.055556 0.055556
Au 0.666667 0.055556 0.166667
Au 0.666667 0.055556 0.277778
Au 0.666667 0.055556 0.388889
Au 0.666667 0.055556 0.500000
Au 0.666667 0.055556 0.611111
Au 0.666667 0.055556 0.722222
Au 0.666667 0.055556 0.833333
Au 0.666667 0.055556 0.944444
Au 0.666667 0.166667 0.055556
Au 0.666667 0.166667 0.166667
Au 0.666667 0.166667 0.277778
Au 0.666667 0.166667 0.388889
Au 0.666667 0.166667 0.500000
Au 0.666667 0.166667 0.611111
Au 0.666667 0.166667 0.722222
Au 0.666667 0.166667 0.833333
Au 0.666667 0.166667 0.944444
Au 0.666667 0.277778 0.055556
Au 0.666667 0.277778 0.166667
Au 0.666667 0.277778 0.277778
Au 0.666667 0.277778 0.388889
Au 0.666667 0.277778 0.500000
Au 0.666667 0.277778 0.611111
Au 0.666667 0.277778 0.722222
Au 0.666667 0.277778 0.833333
Au 0.666667 0.277778 0.944444
Au 0.666667 0.388889 0.055556
Au 0.666667 0.388889 0.166667
Au 0.666667 0.388889 0.277778
Au 0.666667 0.388889 0.388889
Au 0.666667 0.388889 0.500000
Au 0.666667 0.388889 0.611111
Au 0.666667 0.388889 0.722222
Au 0.666667 0.388889 0.833333
Au 0.666667 0.388889 0.944444
Au 0.666667 0.500000 0.055556
Au 0.666667 0.500000 0.166667
Au 0.666667 0.500000 0.277778
Au 0.666667 0.500000 0.388889
Au 0.666667 0.500000 0.500000
Au 0.666667 0.500000 0.611111
Au 0.666667 0.500000 0.722222
Au 0.666667 0.500000 0.833333
Au 0.666667 0.500000 0.944444
Au 0.666667 0.611111 0.055556
Au 0.666667 0.611111 0.166667
Au 0.666667 0.611111 0.277778
Au 0.666667 0.611111 0.388889
Au 0.666667 0.611111 0.500000
Au 0.666667 0.611111 0.611111
Au 0.666667 0.611111 0.722222
Au 0.666667 0.611111 0.833333
Au 0.666667 0.611111 0.944444
Au 0.666667 0.722222 0.055556
Au 0.666667 0.722222 0.166667
Au 0.666667 0.722222 0.277778
Au 0.666667 0.722222 0.388889
Au 0.666667 0.722222 0.500000
Au 0.666667 0.722222 0.611111
Au 0.666667 0.722222 0.722222
Au 0.666667 0.722222 0.833333
Au 0.666667 0.722222 0.944444
Au 0.666667 0.833333 0.055556
Au 0.666667 0.833333 0.166667
Au 0.666667 0.833333 0.277778
Au 0.666667 0.833333 0.388889
Au 0.666667 0.833333 0.500000
Au 0.666667 0.833333 0.611111
Au 0.666667 0.833333 0.722222
Au 0.666667 0.833333 0.833333
Au 0.666667 0.833333 0.944444
Au 0.666667 0.944444 0.055556
Au 0.666667 0.944444 0.166667
Au 0.666667 0.944444 0.277778
Au 0.666667 0.944444 0.388889
Au 0.666667 0.944444 0.500000
Au 0.666667 0.944444 0.611111
Au 0.666667 0.944444 0.722222
Au 0.666667 0.944444 0.833333
Au 0.666667 0.944444 0.944444
Au 0.777778 0.055556 0.055556
Au 0.777778 0.055556 0.166667
Au 0.777778 0.055556 0.277778
Au 0.777778 0.055556 0.388889
Au 0.777778 0.055556 0.500000
Au 0.777778 0.055556 0.611111
Au 0.777778 0.055556 0.722222
Au 0.777778 0.055556 0.833333
Au 0.777778 0.055556 0.944444
Au 0.777778 0.166667 0.055556
Au 0.777778 0.166667 0.166667
Au 0.777778 0.166667 0.277778
Au 0.777778 0.166667 0.388889
Au 0.777778 0.166667 0.500000
Au 0.777778 0.166667 0.611111
Au 0.777778 0.166667 0.722222
Au 0.777778 0.166667 0.833333
Au 0.777778 0.166667 0.944444
Au 0.777778 0.277778 0.055556
Au 0.777778 0.277778 0.166667
Au 0.777778 0.277778 0.277778
Au 0.777778 0.277778 0.388889
Au 0.777778 0.277778 0.500000
Au 0.777778 0.277778 0.611111
Au 0.777778 0.277778 0.722222
Au 0.777778 0.277778 0.833333
Au 0.777778 0.277778 0.944444
Au 0.777778 0.388889 0.055556
Au 0.777778 0.388889 0.166667
Au 0.777778 0.388889 0.277778
Au 0.777778 0.388889 0.388889
Au 0.777778 0.388889 0.500000
Au 0.777778 0.388889 0.611111
Au 0.777778 0.388889 0.722222
Au 0.777778 0.388889 0.833333
Au 0.777778 0.388889 0.944444
Au 0.777778 0.500000 0.055556
Au 0.777778 0.500000 0.166667
Au 0.777778 0.500000 0.277778
Au 0.777778 0.500000 0.388889
Au 0.777778 0.500000 0.500000
Au 0.777778 0.500000 0.611111
Au 0.777778 0.500000 0.722222
Au 0.777778 0.500000 0.833333
Au 0.777778 0.500000 0.944444
Au 0.777778 0.611111 0.055556
Au 0.777778 0.611111 0.166667
Au 0.777778 0.611111 0.277778
Au 0.777778 0.611111 0.388889
Au 0.777778 0.611111 0.500000
Au 0.777778 0.611111 0.611111
Au 0.777778 0.611111 0.722222
Au 0.777778 0.611111 0.833333
Au 0.777778 0.611111 0.944444
Au 0.777778 0.722222 0.055556
Au 0.777778 0.722222 0.166667
Au 0.777778 0.722222 0.277778
Au 0.777778 0.722222 0.388889
Au 0.777778 0.722222 0.500000
Au 0.777778 0.722222 0.611111
Au 0.777778 0.722222 0.722222
Au 0.777778 0.722222 0.833333
Au 0.777778 0.722222 0.944444
Au 0.777778 0.833333 0.055556
Au 0.777778 0.833333 0.166667
Au 0.777778 0.833333 0.277778
Au 0.777778 0.833333 0.388889
Au 0.777778 0.833333 0.500000
Au 0.777778 0.833333 0.611111
Au 0.777778 0.833333 0.722222
Au 0.777778 0.833333 0.833333
Au 0.777778 0.833333 0.944444
Au 0.777778 0.944444 0.055556
Au 0.777778 0.944444 0.166667
Au 0.777778 0.944444 0.277778
Au 0.777778 0.944444 0.388889
Au 0.777778 0.944444 0.500000
Au 0.777778 0.944444 0.611111
Au 0.777778 0.944444 0.722222
Au 0.777778 0.944444 0.833333
Au 0.777778 0.944444 0.944444
Au 0.888889 0.055556 0.055556
Au 0.888889 0.055556 0.166667
Au 0.888889 0.055556 0.277778
Au 0.888889 0.055556 0.388889
Au 0.888889 0.055556 0.500000
Au 0.888889 0.055556 0.611111
Au 0.888889 0.055556 0.722222
Au 0.888889 0.055556 0.833333
Au 0.888889 0.055556 0.944444
Au 0.888889 0.166667 0.055556
Au 0.888889 0.166667 0.166667
Au 0.888889 0.166667 0.277778
Au 0.888889 0.166667 0.388889
Au 0.888889 0.166667 0.500000
Au 0.888889 0.166667 0.611111
Au 0.888889 0.166667 0.722222
Au 0.888889 0.166667 0.833333
Au 0.888889 0.166667 0.944444
Au 0.888889 0.277778 0.055556
Au 0.888889 0.277778 0.166667
Au 0.888889 0.277778 0.277778
Au 0.888889 0.277778 0.388889
Au 0.888889 0.277778 0.500000
Au 0.888889 0.277778 0.611111
Au 0.888889 0.277778 0.722222
Au 0.888889 0.277778 0.833333
Au 0.888889 0.277778 0.944444
Au 0.888889 0.388889 0.055556
Au 0.888889 0.388889 0.166667
Au 0.888889 0.388889 0.277778
Au 0.888889 0.388889 0.388889
Au 0.888889 0.388889 0.500000
Au 0.888889 0.388889 0.611111
Au 0.888889 0.388889 0.722222
Au 0.888889 0.388889 0.833333
Au 0.888889 0.388889 0.944444
Au 0.888889 0.500000 0.055556
Au 0.888889 0.500000 0.166667
Au 0.888889 0.500000 0.277778
Au 0.888889 0.500000 0.388889
Au 0.888889 0.500000 0.500000
Au 0.888889 0.500000 0.611111
Au 0.888889 0.500000 0.722222
Au 0.888889 0.500000 0.833333
Au 0.888889 0.500000 0.944444
Au 0.888889 0.611111 0.055556
Au 0.888889 0.611111 0.166667
Au 0.888889 0.611111 0.277778
Au 0.888889 0.611111 0.388889
Au 0.888889 0.611111 0.500000
Au 0.888889 0.611111 0.611111
Au 0.888889 0.611111 0.722222
Au 0.888889 0.611111 0.833333
Au 0.888889 0.611111 0.944444
Au 0.888889 0.722222 0.055556
Au 0.888889 0.722222 0.166667
Au 0.888889 0.722222 0.277778
Au 0.888889 0.722222 0.388889
Au 0.888889 0.722222 0.500000
Au 0.888889 0.722222 0.611111
Au 0.888889 0.722222 0.722222
Au 0.888889 0.722222 0.833333
Au 0.888889 0.722222 0.944444
Au 0.888889 0.833333 0.055556
Au 0.888889 0.833333 0.166667
Au 0.888889 0.833333 0.277778
Au 0.888889 0.833333 0.388889
Au 0.888889 0.833333 0.500000
Au 0.888889 0.833333 0.611111
Au 0.888889 0.833333 0.722222
Au 0.888889 0.833333 0.833333
Au 0.888889 0.833333 0.944444
Au 0.888889 0.944444 0.055556
Au 0.888889 0.944444 0.166667
Au 0.888889 0.944444 0.277778
Au 0.888889 0.944444 0.388889
Au 0.888889 0.944444 0.500000
Au 0.888889 0.944444 0.611111
Au 0.888889 0.944444 0.722222
Au 0.888889 0.944444 0.833333
Au 0.888889 0.944444 0.944444
Au 0.055556 0.000000 0.055556
Au 0.055556 0.000000 0.166667
Au 0.055556 0.000000 0.277778
Au 0.055556 0.000000 0.388889
Au 0.055556 0.000000 0.500000
Au 0.055556 0.000000 0.611111
Au 0.055556 0.000000 0.722222
Au 0.055556 0.000000 0.833333
Au 0.055556 0.000000 0.944444
Au 0.055556 0.111111 0.055556
Au 0.055556 0.111111 0.166667
Au 0.055556 0.111111 0.277778
Au 0.055556 0.111111 0.388889
Au 0.055556 0.111111 0.500000
Au 0.055556 0.111111 0.611111
Au 0.055556 0.111111 0.722222
Au 0.055556 0.111111 0.833333
Au 0.055556 0.111111 0.944444
Au 0.055556 0.222222 0.055556
Au 0.055556 0.222222 0.166667
Au 0.055556 0.222222 0.277778
Au 0.055556 0.222222 0.388889
Au 0.055556 0.222222 0.500000
Au 0.055556 0.222222 0.611111
Au 0.055556 0.222222 0.722222
Au 0.055556 0.222222 0.833333
Au 0.055556 0.222222 0.944444
Au 0.055556 0.333333 0.055556
Au 0.055556 0.333333 0.166667
Au 0.055556 0.333333 0.277778
Au 0.055556 0.333333 0.388889
Au 0.055556 0.333333 0.500000
Au 0.055556 0.333333 0.611111
Au 0.055556 0.333333 0.722222
Au 0.055556 0.333333 0.833333
Au 0.055556 0.333333 0.944444
Au 0.055556 0.444444 0.055556
Au 0.055556 0.444444 0.166667
Au 0.055556 0.444444 0.277778
Au 0.055556 0.444444 0.388889
Au 0.055556 0.444444 0.500000
Au 0.055556 0.444444 0.611111
Au 0.055556 0.444444 0.722222
Au 0.055556 0.444444 0.833333
Au 0.055556 0.444444 0.944444
Au 0.055556 0.555556 0.055556
Au 0.055556 0.555556 0.166667
Au 0.055556 0.555556 0.277778
Au 0.055556 0.555556 0.388889
Au 0.055556 0.555556 0.500000
Au 0.055556 0.555556 0.611111
Au 0.055556 0.555556 0.722222
Au 0.055556 0.555556 0.833333
Au 0.055556 0.555556 0.944444
Au 0.055556 0.666667 0.055556
Au 0.055556 0.666667 0.166667
Au 0.055556 0.666667 0.277778
Au 0.055556 0.666667 0.388889
Au 0.055556 0.666667 0.500000
Au 0.055556 0.666667 0.611111
Au 0.055556 0.666667 0.722222
Au 0.055556 0.666667 0.833333
Au 0.055556 0.666667 0.944444
Au 0.055556 0.777778 0.055556
Au 0.055556 0.777778 0.166667
Au 0.055556 0.777778 0.277778
Au 0.055556 0.777778 0.388889
Au 0.055556 0.777778 0.500000
Au 0.055556 0.777778 0.611111
Au 0.055556 0.777778 0.722222
Au 0.055556 0.777778 0.833333
Au 0.055556 0.777778 0.944444
Au 0.055556 0.888889 0.055556
Au 0.055556 0.888889 0.166667
Au 0.055556 0.888889 0.277778
Au 0.055556 0.888889 0.388889
Au 0.055556 0.888889 0.500000
Au 0.055556 0.888889 0.611111
Au 0.055556 0.888889 0.722222
Au 0.055556 0.888889 0.833333
Au 0.055556 0.888889 0.944444
Au 0.166667 0.000000 0.055556
Au 0.166667 0.000000 0.166667
Au 0.166667 0.000000 0.277778
Au 0.166667 0.000000 0.388889
Au 0.166667 0.000000 0.500000
Au 0.166667 0.000000 0.611111
Au 0.166667 0.000000 0.722222
Au 0.166667 0.000000 0.833333
Au 0.166667 0.000000 0.944444
Au 0.166667 0.111111 0.055556
Au 0.166667 0.111111 0.166667
Au 0.166667 0.111111 0.277778
Au 0.166667 0.111111 0.388889
Au 0.166667 0.111111 0.500000
Au 0.166667 0.111111 0.611111
Au 0.166667 0.111111 0.722222
Au 0.166667 0.111111 0.833333
Au 0.166667 0.111111 0.944444
Au 0.166667 0.222222 0.055556
Au 0.166667 0.222222 0.166667
Au 0.166667 0.222222 0.277778
Au 0.166667 0.222222 0.388889
Au 0.166667 0.222222 0.500000
Au 0.166667 0.222222 0.611111
Au 0.166667 0.222222 0.722222
Au 0.166667 0.222222 0.833333
Au 0.166667 0.222222 0.944444
Au 0.166667 0.333333 0.055556
Au 0.166667 0.333333 0.166667
Au 0.166667 0.333333 0.277778
Au 0.166667 0.333333 0.388889
Au 0.166667 0.333333 0.500000
Au 0.166667 0.333333 0.611111
Au 0.166667 0.333333 0.722222
Au 0.166667 0.333333 0.833333
Au 0.166667 0.333333 0.944444
Au 0.166667 0.444444 0.055556
Au 0.166667 0.444444 0.166667
Au 0.166667 0.444444 0.277778
Au 0.166667 0.444444 0.388889
Au 0.166667 0.444444 0.500000
Au 0.166667 0.444444 0.611111
Au 0.166667 0.444444 0.722222
Au 0.166667 0.444444 0.833333
Au 0.166667 0.444444 0.944444
Au 0.166667 0.555556 0.055556
Au 0.166667 0.555556 0.166667
Au 0.166667 0.555556 0.277778
Au 0.166667 0.555556 0.388889
Au 0.166667 0.555556 0.500000
Au 0.166667 0.555556 0.611111
Au 0.166667 0.555556 0.722222
Au 0.166667 0.555556 0.833333
Au 0.166667 0.555556 0.944444
Au 0.166667 0.666667 0.055556
Au 0.166667 0.666667 0.166667
Au 0.166667 0.666667 0.277778
Au 0.166667 0.666667 0.388889
Au 0.166667 0.666667 0.500000
Au 0.166667 0.666667 0.611111
Au 0.166667 0.666667 0.722222
Au 0.166667 0.666667 0.833333
Au 0.166667 0.666667 0.944444
Au 0.166667 0.777778 0.055556
Au 0.166667 0.777778 0.166667
Au 0.166667 0.777778 0.277778
Au 0.166667 0.777778 0.388889
Au 0.166667 0.777778 0.500000
Au 0.166667 0.777778 0.611111
Au 0.166667 0.777778 0.722222
Au 0.166667 0.777778 0.833333
Au 0.166667 0.777778 0.944444
Au 0.166667 0.888889 0.055556
Au 0.166667 0.888889 0.166667
Au 0.166667 0.888889 0.277778
Au 0.166667 0.888889 0.388889
Au 0.166667 0.888889 0.500000
Au 0.166667 0.888889 0.611111
Au 0.166667 0.888889 0.722222
Au 0.166667 0.888889 0.833333
Au 0.166667 0.888889 0.944444
Au 0.277778 0.000000 0.055556
Au 0.277778 0.000000 0.166667
Au 0.277778 0.000000 0.277778
Au 0.277778 0.000000 0.388889
Au 0.277778 0.000000 0.500000
Au 0.277778 0.000000 0.611111
Au 0.277778 0.000000 0.722222
Au 0.277778 0.000000 0.833333
Au 0.277778 0.000000 0.944444
Au 0.277778 0.111111 0.055556
Au 0.277778 0.111111 0.166667
Au 0.277778 0.111111 0.277778
Au 0.277778 0.111111 0.388889
Au 0.277778 0.111111 0.500000
Au 0.277778 0.111111 0.611111
Au 0.277778 0.111111 0.722222
Au 0.277778 0.111111 0.833333
Au 0.277778 0.111111 0.944444
Au 0.277778 0.222222 0.055556
Au 0.277778 0.222222 0.166667
Au 0.277778 0.222222 0.277778
Au 0.277778 0.222222 0.388889
Au 0.277778 0.222222 0.500000
Au 0.277778 0.222222 0.611111
Au 0.277778 0.222222 0.722222
Au 0.277778 0.222222 0.833333
Au 0.277778 0.222222 0.944444
Au 0.277778 0.333333 0.055556
Au 0.277778 0.333333 0.166667
Au 0.277778 0.333333 0.277778
Au 0.277778 0.333333 0.388889
Au 0.277778 0.333333 0.500000
Au 0.277778 0.333333 0.611111
Au 0.277778 0.333333 0.722222
Au 0.277778 0.333333 0.833333
Au 0.277778 0.333333 0.944444
Au 0.277778 0.444444 0.055556
Au 0.277778 0.444444 0.166667
Au 0.277778 0.444444 0.277778
Au 0.277778 0.444444 0.388889
Au 0.277778 0.444444 0.500000
Au 0.277778 0.444444 0.611111
Au 0.277778 0.444444 0.722222
Au 0.277778 0.444444 0.833333
Au 0.277778 0.444444 0.944444
Au 0.277778 0.555556 0.055556
Au 0.277778 0.555556 0.166667
Au 0.277778 0.555556 0.277778
Au 0.277778 0.555556 0.388889
Au 0.277778 0.555556 0.500000
Au 0.277778 0.555556 0.611111
Au 0.277778 0.555556 0.722222
Au 0.277778 0.555556 0.833333
Au 0.277778 0.555556 0.944444
Au 0.277778 0.666667 0.055556
Au 0.277778 0.666667 0.166667
Au 0.277778 0.666667 0.277778
Au 0.277778 0.666667 0.388889
Au 0.277778 0.666667 0.500000
Au 0.277778 0.666667 0.611111
Au 0.277778 0.666667 0.722222
Au 0.277778 0.666667 0.833333
Au 0.277778 0.666667 0.944444
Au 0.277778 0.777778 0.055556
Au 0.277778 0.777778 0.166667
Au 0.277778 0.777778 0.277778
Au 0.277778 0.777778 0.388889
Au 0.277778 0.777778 0.500000
Au 0.277778 0.777778 0.611111
Au 0.277778 0.777778 0.722222
Au 0.277778 0.777778 0.833333
Au 0.277778 0.777778 0.944444
Au 0.277778 0.888889 0.055556
Au 0.277778 0.888889 0.166667
Au 0.277778 0.888889 0.277778
Au 0.277778 0.888889 0.388889
Au 0.277778 0.888889 0.500000
Au 0.277778 0.888889 0.611111
Au 0.277778 0.888889 0.722222
Au 0.277778 0.888889 0.833333
Au 0.277778 0.888889 0.944444
Au 0.388889 0.000000 0.055556
Au 0.388889 0.000000 0.166667
Au 0.388889 0.000000 0.277778
Au 0.388889 0.000000 0.388889
Au 0.388889 0.000000 0.500000
Au 0.388889 0.000000 0.611111
Au 0.388889 0.000000 0.722222
Au 0.388889 0.000000 0.833333
Au 0.388889 0.000000 0.944444
Au 0.388889 0.111111 0.055556
Au 0.388889 0.111111 0.166667
Au 0.388889 0.111111 0.277778
Au 0.388889 0.111111 0.388889
Au 0.388889 0.111111 0.500000
Au 0.388889 0.111111 0.611111
Au 0.388889 0.111111 0.722222
Au 0.388889 0.111111 0.833333
Au 0.388889 0.111111 0.944444
Au 0.388889 0.222222 0.055556
Au 0.388889 0.222222 0.166667
Au 0.388889 0.222222 0.277778
Au 0.388889 0.222222 0.388889
Au 0.388889 0.222222 0.500000
Au 0.388889 0.222222 0.611111
Au 0.388889 0.222222 0.722222
Au 0.388889 0.222222 0.833333
Au 0.388889 0.222222 0.944444
Au 0.388889 0.333333 0.055556
Au 0.388889 0.333333 0.166667
Au 0.388889 0.333333 0.277778
Au 0.388889 0.333333 0.388889
Au 0.388889 0.333333 0.500000
Au 0.388889 0.333333 0.611111
Au 0.388889 0.333333 0.722222
Au 0.388889 0.333333 0.833333
Au 0.388889 0.333333 0.944444
Au 0.388889 0.444444 0.055556
Au 0.388889 0.444444 0.166667
Au 0.388889 0.444444 0.277778
Au 0.388889 0.444444 0.388889
Au 0.388889 0.444444 0.500000
Au 0.388889 0.444444 0.611111
Au 0.388889 0.444444 0.722222
Au 0.388889 0.444444 0.833333
Au 0.388889 0.444444 0.944444
Au 0.388889 0.555556 0.055556
Au 0.388889 0.555556 0.166667
Au 0.388889 0.555556 0.277778
Au 0.388889 0.555556 0.388889
Au 0.388889 0.555556 0.500000
Au 0.388889 0.555556 0.611111
Au 0.388889 0.555556 0.722222
Au 0.388889 0.555556 0.833333
Au 0.388889 0.555556 0.944444
Au 0.388889 0.666667 0.055556
Au 0.388889 0.666667 0.166667
Au 0.388889 0.666667 0.277778
Au 0.388889 0.666667 0.388889
Au 0.388889 0.666667 0.500000
Au 0.388889 0.666667 0.611111
Au 0.388889 0.666667 0.722222
Au 0.388889 0.666667 0.833333
Au 0.388889 0.666667 0.944444
Au 0.388889 0.777778 0.055556
Au 0.388889 0.777778 0.166667
Au 0.388889 0.777778 0.277778
Au 0.388889 0.777778 0.388889
Au 0.388889 0.777778 0.500000
Au 0.388889 0.777778 0.611111
Au 0.388889 0.777778 0.722222
Au 0.388889 0.777778 0.833333
Au 0.388889 0.777778 0.944444
Au 0.388889 0.888889 0.055556
Au 0.388889 0.888889 0.166667
Au 0.388889 0.888889 0.277778
Au 0.388889 0.888889 0.388889
Au 0.388889 0.888889 0.500000
Au 0.388889 0.888889 0.611111
Au 0.388889 0.888889 0.722222
Au 0.388889 0.888889 0.833333
Au 0.388889 0.888889 0.944444
Au 0.500000 0.000000 0.055556
Au 0.500000 0.000000 0.166667
Au 0.500000 0.000000 0.277778
Au 0.500000 0.000000 0.388889
Au 0.500000 0.000000 0.500000
Au 0.500000 0.000000 0.611111
Au 0.500000 0.000000 0.722222
Au 0.500000 0.000000 0.833333
Au 0.500000 0.000000 0.944444
Au 0.500000 0.111111 0.055556
Au 0.500000 0.111111 0.166667
Au 0.500000 0.111111 0.277778
Au 0.500000 0.111111 0.388889
Au 0.500000 0.111111 0.500000
Au 0.500000 0.111111 0.611111
Au 0.500000 0.111111 0.722222
Au 0.500000 0.111111 0.833333
Au 0.500000 0.111111 0.944444
Au 0.500000 0.222222 0.055556
Au 0.500000 0.222222 0.166667
Au 0.500000 0.222222 0.277778
Au 0.500000 0.222222 0.388889
Au 0.500000 0.222222 0.500000
Au 0.500000 0.222222 0.611111
Au 0.500000 0.222222 0.722222
Au 0.500000 0.222222 0.833333
Au 0.500000 0.222222 0.944444
Au 0.500000 0.333333 0.055556
Au 0.500000 0.333333 0.166667
Au 0.500000 0.333333 0.277778
Au 0.500000 0.333333 0.388889
Au 0.500000 0.333333 0.500000
Au 0.500000 0.333333 0.611111
Au 0.500000 0.333333 0.722222
Au 0.500000 0.333333 0.833333
Au 0.500000 0.333333 0.944444
Au 0.500000 0.444444 0.055556
Au 0.500000 0.444444 0.166667
Au 0.500000 0.444444 0.277778
Au 0.500000 0.444444 0.388889
Au 0.500000 0.444444 0.500000
Au 0.500000 0.444444 0.611111
Au 0.500000 0.444444 0.722222
Au 0.500000 0.444444 0.833333
Au 0.500000 0.444444 0.944444
Au 0.500000 0.555556 0.055556
Au 0.500000 0.555556 0.166667
Au 0.500000 0.555556 0.277778
Au 0.500000 0.555556 0.388889
Au 0.500000 0.555556 0.500000
Au 0.500000 0.555556 0.611111
Au 0.500000 0.555556 0.722222
Au 0.500000 0.555556 0.833333
Au 0.500000 0.555556 0.944444
Au 0.500000 0.666667 0.055556
Au 0.500000 0.666667 0.166667
Au 0.500000 0.666667 0.277778
Au 0.500000 0.666667 0.388889
Au 0.500000 0.666667 0.500000
Au 0.500000 0.666667 0.611111
Au 0.500000 0.666667 0.722222
Au 0.500000 0.666667 0.833333
Au 0.500000 0.666667 0.944444
Au 0.500000 0.777778 0.055556
Au 0.500000 0.777778 0.166667
Au 0.500000 0.777778 0.277778
Au 0.500000 0.777778 0.388889
Au 0.500000 0.777778 0.500000
Au 0.500000 0.777778 0.611111
Au 0.500000 0.777778 0.722222
Au 0.500000 0.777778 0.833333
Au 0.500000 0.777778 0.944444
Au 0.500000 0.888889 0.055556
Au 0.500000 0.888889 0.166667
Au 0.500000 0.888889 0.277778
Au 0.500000 0.888889 0.388889
Au 0.500000 0.888889 0.500000
Au 0.500000 0.888889 0.611111
Au 0.500000 0.888889 0.722222
Au 0.500000 0.888889 0.833333
Au 0.500000 0.888889 0.944444
Au 0.611111 0.000000 0.055556
Au 0.611111 0.000000 0.166667
Au 0.611111 0.000000 0.277778
Au 0.611111 0.000000 0.388889
Au 0.611111 0.000000 0.500000
Au 0.611111 0.000000 0.611111
Au 0.611111 0.000000 0.722222
Au 0.611111 0.000000 0.833333
Au 0.611111 0.000000 0.944444
Au 0.611111 0.111111 0.055556
Au 0.611111 0.111111 0.166667
Au 0.611111 0.111111 0.277778
Au 0.611111 0.111111 0.388889
Au 0.611111 0.111111 0.500000
Au 0.611111 0.111111 0.611111
Au 0.611111 0.111111 0.722222
Au 0.611111 0.111111 0.833333
Au 0.611111 0.111111 0.944444
Au 0.611111 0.222222 0.055556
Au 0.611111 0.222222 0.166667
Au 0.611111 0.222222 0.277778
Au 0.611111 0.222222 0.388889
Au 0.611111 0.222222 0.500000
Au 0.611111 0.222222 0.611111
Au 0.611111 0.222222 0.722222
Au 0.611111 0.222222 0.833333
Au 0.611111 0.222222 0.944444
Au 0.611111 0.333333 0.055556
Au 0.611111 0.333333 0.166667
Au 0.611111 0.333333 0.277778
Au 0.611111 0.333333 0.388889
Au 0.611111 0.333333 0.500000
Au 0.611111 0.333333 0.611111
Au 0.611111 0.333333 0.722222
Au 0.611111 0.333333 0.833333
Au 0.611111 0.333333 0.944444
Au 0.611111 0.444444 0.055556
Au 0.611111 0.444444 0.166667
Au 0.611111 0.444444 0.277778
Au 0.611111 0.444444 0.388889
Au 0.611111 0.444444 0.500000
Au 0.611111 0.444444 0.611111
Au 0.611111 0.444444 0.722222
Au 0.611111 0.444444 0.833333
Au 0.611111 0.444444 0.944444
Au 0.611111 0.555556 0.055556
Au 0.611111 0.555556 0.166667
Au 0.611111 0.555556 0.277778
Au 0.611111 0.555556 0.388889
Au 0.611111 0.555556 0.500000
Au 0.611111 0.555556 0.611111
Au 0.611111 0.555556 0.722222
Au 0.611111 0.555556 0.833333
Au 0.611111 0.555556 0.944444
Au 0.611111 0.666667 0.055556
Au 0.611111 0.666667 0.166667
Au 0.611111 0.666667 0.277778
Au 0.611111 0.666667 0.388889
Au 0.611111 0.666667 0.500000
Au 0.611111 0.666667 0.611111
Au 0.611111 0.666667 0.722222
Au 0.611111 0.666667 0.833333
Au 0.611111 0.666667 0.944444
Au 0.611111 0.777778 0.055556
Au 0.611111 0.777778 0.166667
Au 0.611111 0.777778 0.277778
Au 0.611111 0.777778 0.388889
Au 0.611111 0.777778 0.500000
Au 0.611111 0.777778 0.611111
Au 0.611111 0.777778 0.722222
Au 0.611111 0.777778 0.833333
Au 0.611111 0.777778 0.944444
Au 0.611111 0.888889 0.055556
Au 0.611111 0.888889 0.166667
Au 0.611111 0.888889 0.277778
Au 0.611111 0.888889 0.388889
Au 0.611111 0.888889 0.500000
Au 0.611111 0.888889 0.611111
Au 0.611111 0.888889 0.722222
Au 0.611111 0.888889 0.833333
Au 0.611111 0.888889 0.944444
Au 0.722222 0.000000 0.055556
Au 0.722222 0.000000 0.166667
Au 0.722222 0.000000 0.277778
Au 0.722222 0.000000 0.388889
Au 0.722222 0.000000 0.500000
Au 0.722222 0.000000 0.611111
Au 0.722222 0.000000 0.722222
Au 0.722222 0.000000 0.833333
Au 0.722222 0.000000 0.944444
Au 0.722222 0.111111 0.055556
Au 0.722222 0.111111 0.166667
Au 0.722222 0.111111 0.277778
Au 0.722222 0.111111 0.388889
Au 0.722222 0.111111 0.500000
Au 0.722222 0.111111 0.611111
Au 0.722222 0.111111 0.722222
Au 0.722222 0.111111 0.833333
Au 0.722222 0.111111 0.944444
Au 0.722222 0.222222 0.055556
Au 0.722222 0.222222 0.166667
Au 0.722222 0.222222 0.277778
Au 0.722222 0.222222 0.388889
Au 0.722222 0.222222 0.500000
Au 0.722222 0.222222 0.611111
Au 0.722222 0.222222 0.722222
Au 0.722222 0.222222 0.833333
Au 0.722222 0.222222 0.944444
Au 0.722222 0.333333 0.055556
Au 0.722222 0.333333 0.166667
Au 0.722222 0.333333 0.277778
Au 0.722222 0.333333 0.388889
Au 0.722222 0.333333 0.500000
Au 0.722222 0.333333 0.611111
Au 0.722222 0.333333 0.722222
Au 0.722222 0.333333 0.833333
Au 0.722222 0.333333 0.944444
Au 0.722222 0.444444 0.055556
Au 0.722222 0.444444 0.166667
Au 0.722222 0.444444 0.277778
Au 0.722222 0.444444 0.388889
Au 0.722222 0.444444 0.500000
Au 0.722222 0.444444 0.611111
Au 0.722222 0.444444 0.722222
Au 0.722222 0.444444 0.833333
Au 0.722222 0.444444 0.944444
Au 0.722222 0.555556 0.055556
Au 0.722222 0.555556 0.166667
Au 0.722222 0.555556 0.277778
Au 0.722222 0.555556 0.388889
Au 0.722222 0.555556 0.500000
Au 0.722222 0.555556 0.611111
Au 0.722222 0.555556 0.722222
Au 0.722222 0.555556 0.833333
Au 0.722222 0.555556 0.944444
Au 0.722222 0.666667 0.055556
Au 0.722222 0.666667 0.166667
Au 0.722222 0.666667 0.277778
Au 0.722222 0.666667 0.388889
Au 0.722222 0.666667 0.500000
Au 0.722222 0.666667 0.611111
Au 0.722222 0.666667 0.722222
Au 0.722222 0.666667 0.833333
Au 0.722222 0.666667 0.944444
Au 0.722222 0.777778 0.055556
Au 0.722222 0.777778 0.166667
Au 0.722222 0.777778 0.277778
Au 0.722222 0.777778 0.388889
Au 0.722222 0.777778 0.500000
Au 0.722222 0.777778 0.611111
Au 0.722222 0.777778 0.722222
Au 0.722222 0.777778 0.833333
Au 0.722222 0.777778 0.944444
Au 0.722222 0.888889 0.055556
Au 0.722222 0.888889 0.166667
Au 0.722222 0.888889 0.277778
Au 0.722222 0.888889 0.388889
Au 0.722222 0.888889 0.500000
Au 0.722222 0.888889 0.611111
Au 0.722222 0.888889 0.722222
Au 0.722222 0.888889 0.833333
Au 0.722222 0.888889 0.944444
Au 0.833333 0.000000 0.055556
Au 0.833333 0.000000 0.166667
Au 0.833333 0.000000 0.277778
Au 0.833333 0.000000 0.388889
Au 0.833333 0.000000 0.500000
Au 0.833333 0.000000 0.611111
Au 0.833333 0.000000 0.722222
Au 0.833333 0.000000 0.833333
Au 0.833333 0.000000 0.944444
Au 0.833333 0.111111 0.055556
Au 0.833333 0.111111 0.166667
Au 0.833333 0.111111 0.277778
Au 0.833333 0.111111 0.388889
Au 0.833333 0.111111 0.500000
Au 0.833333 0.111111 0.611111
Au 0.833333 0.111111 0.722222
Au 0.833333 0.111111 0.833333
Au 0.833333 0.111111 0.944444
Au 0.833333 0.222222 0.055556
Au 0.833333 0.222222 0.166667
Au 0.833333 0.222222 0.277778
Au 0.833333 0.222222 0.388889
Au 0.833333 0.222222 0.500000
Au 0.833333 0.222222 0.611111
Au 0.833333 0.222222 0.722222
Au 0.833333 0.222222 0.833333
Au 0.833333 0.222222 0.944444
Au 0.833333 0.333333 0.055556
Au 0.833333 0.333333 0.166667
Au 0.833333 0.333333 0.277778
Au 0.833333 0.333333 0.388889
Au 0.833333 0.333333 0.500000
Au 0.833333 0.333333 0.611111
Au 0.833333 0.333333 0.722222
Au 0.833333 0.333333 0.833333
Au 0.833333 0.333333 0.944444
Au 0.833333 0.444444 0.055556
Au 0.833333 0.444444 0.166667
Au 0.833333 0.444444 0.277778
Au 0.833333 0.444444 0.388889
Au 0.833333 0.444444 0.500000
Au 0.833333 0.444444 0.611111
Au 0.833333 0.444444 0.722222
Au 0.833333 0.444444 0.833333
Au 0.833333 0.444444 0.944444
Au 0.833333 0.555556 0.055556
Au 0.833333 0.555556 0.166667
Au 0.833333 0.555556 0.277778
Au 0.833333 0.555556 0.388889
Au 0.833333 0.555556 0.500000
Au 0.833333 0.555556 0.611111
Au 0.833333 0.555556 0.722222
Au 0.833333 0.555556 0.833333
Au 0.833333 0.555556 0.944444
Au 0.833333 0.666667 0.055556
Au 0.833333 0.666667 0.166667
Au 0.833333 0.666667 0.277778
Au 0.833333 0.666667 0.388889
Au 0.833333 0.666667 0.500000
Au 0.833333 0.666667 0.611111
Au 0.833333 0.666667 0.722222
Au 0.833333 0.666667 0.833333
Au 0.833333 0.666667 0.944444
Au 0.833333 0.777778 0.055556
Au 0.833333 0.777778 0.166667
Au 0.833333 0.777778 0.277778
Au 0.833333 0.777778 0.388889
Au 0.833333 0.777778 0.500000
Au 0.833333 0.777778 0.611111
Au 0.833333 0.777778 0.722222
Au 0.833333 0.777778 0.833333
Au 0.833333 0.777778 0.944444
Au 0.833333 0.888889 0.055556
Au 0.833333 0.888889 0.166667
Au 0.833333 0.888889 0.277778
Au 0.833333 0.888889 0.388889
Au 0.833333 0.888889 0.500000
Au 0.833333 0.888889 0.611111
Au 0.833333 0.888889 0.722222
Au 0.833333 0.888889 0.833333
Au 0.833333 0.888889 0.944444
Au 0.944444 0.000000 0.055556
Au 0.944444 0.000000 0.166667
Au 0.944444 0.000000 0.277778
Au 0.944444 0.000000 0.388889
Au 0.944444 0.000000 0.500000
Au 0.944444 0.000000 0.611111
Au 0.944444 0.000000 0.722222
Au 0.944444 0.000000 0.833333
Au 0.944444 0.000000 0.944444
Au 0.944444 0.111111 0.055556
Au 0.944444 0.111111 0.166667
Au 0.944444 0.111111 0.277778
Au 0.944444 0.111111 0.388889
Au 0.944444 0.111111 0.500000
Au 0.944444 0.111111 0.611111
Au 0.944444 0.111111 0.722222
Au 0.944444 0.111111 0.833333
Au 0.944444 0.111111 0.944444
Au 0.944444 0.222222 0.055556
Au 0.944444 0.222222 0.166667
Au 0.944444 0.222222 0.277778
Au 0.944444 0.222222 0.388889
Au 0.944444 0.222222 0.500000
Au 0.944444 0.222222 0.611111
Au 0.944444 0.222222 0.722222
Au 0.944444 0.222222 0.833333
Au 0.944444 0.222222 0.944444
Au 0.944444 0.333333 0.055556
Au 0.944444 0.333333 0.166667
Au 0.944444 0.333333 0.277778
Au 0.944444 0.333333 0.388889
Au 0.944444 0.333333 0.500000
Au 0.944444 0.333333 0.611111
Au 0.944444 0.333333 0.722222
Au 0.944444 0.333333 0.833333
Au 0.944444 0.333333 0.944444
Au 0.944444 0.444444 0.055556
Au 0.944444 0.444444 0.166667
Au 0.944444 0.444444 0.277778
Au 0.944444 0.444444 0.388889
Au 0.944444 0.444444 0.500000
Au 0.944444 0.444444 0.611111
Au 0.944444 0.444444 0.722222
Au 0.944444 0.444444 0.833333
Au 0.944444 0.444444 0.944444
Au 0.944444 0.555556 0.055556
Au 0.944444 0.555556 0.166667
Au 0.944444 0.555556 0.277778
Au 0.944444 0.555556 0.388889
Au 0.944444 0.555556 0.500000
Au 0.944444 0.555556 0.611111
Au 0.944444 0.555556 0.722222
Au 0.944444 0.555556 0.833333
Au 0.944444 0.555556 0.944444
Au 0.944444 0.666667 0.055556
Au 0.944444 0.666667 0.166667
Au 0.944444 0.666667 0.277778
Au 0.944444 0.666667 0.388889
Au 0.944444 0.666667 0.500000
Au 0.944444 0.666667 0.611111
Au 0.944444 0.666667 0.722222
Au 0.944444 0.666667 0.833333
Au 0.944444 0.666667 0.944444
Au 0.944444 0.777778 0.055556
Au 0.944444 0.777778 0.166667
Au 0.944444 0.777778 0.277778
Au 0.944444 0.777778 0.388889
Au 0.944444 0.777778 0.500000
Au 0.944444 0.777778 0.611111
Au 0.944444 0.777778 0.722222
Au 0.944444 0.777778 0.833333
Au 0.944444 0.777778 0.944444
Au 0.944444 0.888889 0.055556
Au 0.944444 0.888889 0.166667
Au 0.944444 0.888889 0.277778
Au 0.944444 0.888889 0.388889
Au 0.944444 0.888889 0.500000
Au 0.944444 0.888889 0.611111
Au 0.944444 0.888889 0.722222
Au 0.944444 0.888889 0.833333
Au 0.944444 0.888889 0.944444
Au 0.055556 0.055556 0.000000
Au 0.055556 0.055556 0.111111
Au 0.055556 0.055556 0.222222
Au 0.055556 0.055556 0.333333
Au 0.055556 0.055556 0.444444
Au 0.055556 0.055556 0.555556
Au 0.055556 0.055556 0.666667
Au 0.055556 0.055556 0.777778
Au 0.055556 0.055556 0.888889
Au 0.055556 0.166667 0.000000
Au 0.055556 0.166667 0.111111
Au 0.055556 0.166667 0.222222
Au 0.055556 0.166667 0.333333
Au 0.055556 0.166667 0.444444
Au 0.055556 0.166667 0.555556
Au 0.055556 0.166667 0.666667
Au 0.055556 0.166667 0.777778
Au 0.055556 0.166667 0.888889
Au 0.055556 0.277778 0.000000
Au 0.055556 0.277778 0.111111
Au 0.055556 0.277778 0.222222
Au 0.055556 0.277778 0.333333
Au 0.055556 0.277778 0.444444
Au 0.055556 0.277778 0.555556
Au 0.055556 0.277778 0.666667
Au 0.055556 0.277778 0.777778
Au 0.055556 0.277778 0.888889
Au 0.055556 0.388889 0.000000
Au 0.055556 0.388889 0.111111
Au 0.055556 0.388889 0.222222
Au 0.055556 0.388889 0.333333
Au 0.055556 0.388889 0.444444
Au 0.055556 0.388889 0.555556
Au 0.055556 0.388889 0.666667
Au 0.055556 0.388889 0.777778
Au 0.055556 0.388889 0.888889
Au 0.055556 0.500000 0.000000
Au 0.055556 0.500000 0.111111
Au 0.055556 0.500000 0.222222
Au 0.055556 0.500000 0.333333
Au 0.055556 0.500000 0.444444
Au 0.055556 0.500000 0.555556
Au 0.055556 0.500000 0.666667
Au 0.055556 0.500000 0.777778
Au 0.055556 0.500000 0.888889
Au 0.055556 0.611111 0.000000
Au 0.055556 0.611111 0.111111
Au 0.055556 0.611111 0.222222
Au 0.055556 0.611111 0.333333
Au 0.055556 0.611111 0.444444
Au 0.055556 0.611111 0.555556
Au 0.055556 0.611111 0.666667
Au 0.055556 0.611111 0.777778
Au 0.055556 0.611111 0.888889
Au 0.055556 0.722222 0.000000
Au 0.055556 0.722222 0.111111
Au 0.055556 0.722222 0.222222
Au 0.055556 0.722222 0.333333
Au 0.055556 0.722222 0.444444
Au 0.055556 0.722222 0.555556
Au 0.055556 0.722222 0.666667
Au 0.055556 0.722222 0.777778
Au 0.055556 0.722222 0.888889
Au 0.055556 0.833333 0.000000
Au 0.055556 0.833333 0.111111
Au 0.055556 0.833333 0.222222
Au 0.055556 0.833333 0.333333
Au 0.055556 0.833333 0.444444
Au 0.055556 0.833333 0.555556
Au 0.055556 0.833333 0.666667
Au 0.055556 0.833333 0.777778
Au 0.055556 0.833333 0.888889
Au 0.055556 0.944444 0.000000
Au 0.055556 0.944444 0.111111
Au 0.055556 0.944444 0.222222
Au 0.055556 0.944444 0.333333
Au 0.055556 0.944444 0.444444
Au 0.055556 0.944444 0.555556
Au 0.055556 0.944444 0.666667
Au 0.055556 0.944444 0.777778
Au 0.055556 0.944444 0.888889
Au 0.166667 0.055556 0.000000
Au 0.166667 0.055556 0.111111
Au 0.166667 0.055556 0.222222
Au 0.166667 0.055556 0.333333
Au 0.166667 0.055556 0.444444
Au 0.166667 0.055556 0.555556
Au 0.166667 0.055556 0.666667
Au 0.166667 0.055556 0.777778
Au 0.166667 0.055556 0.888889
Au 0.166667 0.166667 0.000000
Au 0.166667 0.166667 0.111111
Au 0.166667 0.166667 0.222222
Au 0.166667 0.166667 0.333333
Au 0.166667 0.166667 0.444444
Au 0.166667 0.166667 0.555556
Au 0.166667 0.166667 0.666667
Au 0.166667 0.166667 0.777778
Au 0.166667 0.166667 0.888889
Au 0.166667 0.277778 0.000000
Au 0.166667 0.277778 0.111111
Au 0.166667 0.277778 0.222222
Au 0.166667 0.277778 0.333333
Au 0.166667 0.277778 0.444444
Au 0.166667 0.277778 0.555556
Au 0.166667 0.277778 0.666667
Au 0.166667 0.277778 0.777778
Au 0.166667 0.277778 0.888889
Au 0.166667 0.388889 0.000000
Au 0.166667 0.388889 0.111111
Au 0.166667 0.388889 0.222222
Au 0.166667 0.388889 0.333333
Au 0.166667 0.388889 0.444444
Au 0.166667 0.388889 0.555556
Au 0.166667 0.388889 0.666667
Au 0.166667 0.388889 0.777778
Au 0.166667 0.388889 0.888889
Au 0.166667 0.500000 0.000000
Au 0.166667 0.500000 0.111111
Au 0.166667 0.500000 0.222222
Au 0.166667 0.500000 0.333333
Au 0.166667 0.500000 0.444444
Au 0.166667 0.500000 0.555556
Au 0.166667 0.500000 0.666667
Au 0.166667 0.500000 0.777778
Au 0.166667 0.500000 0.888889
Au 0.166667 0.611111 0.000000
Au 0.166667 0.611111 0.111111
Au 0.166667 0.611111 0.222222
Au 0.166667 0.611111 0.333333
Au 0.166667 0.611111 0.444444
Au 0.166667 0.611111 0.555556
Au 0.166667 0.611111 0.666667
Au 0.166667 0.611111 0.777778
Au 0.166667 0.611111 0.888889
Au 0.166667 0.722222 0.000000
Au 0.166667 0.722222 0.111111
Au 0.166667 0.722222 0.222222
Au 0.166667 0.722222 0.333333
Au 0.166667 0.722222 0.444444
Au 0.166667 0.722222 0.555556
Au 0.166667 0.722222 0.666667
Au 0.166667 0.722222 0.777778
Au 0.166667 0.722222 0.888889
Au 0.166667 0.833333 0.000000
Au 0.166667 0.833333 0.111111
Au 0.166667 0.833333 0.222222
Au 0.166667 0.833333 0.333333
Au 0.166667 0.833333 0.444444
Au 0.166667 0.833333 0.555556
Au 0.166667 0.833333 0.666667
Au 0.166667 0.833333 0.777778
Au 0.166667 0.833333 0.888889
Au 0.166667 0.944444 0.000000
Au 0.166667 0.944444 0.111111
Au 0.166667 0.944444 0.222222
Au 0.166667 0.944444 0.333333
Au 0.166667 0.944444 0.444444
Au 0.166667 0.944444 0.555556
Au 0.166667 0.944444 0.666667
Au 0.166667 0.944444 0.777778
Au 0.166667 0.944444 0.888889
Au 0.277778 0.055556 0.000000
Au 0.277778 0.055556 0.111111
Au 0.277778 0.055556 0.222222
Au 0.277778 0.055556 0.333333
Au 0.277778 0.055556 0.444444
Au 0.277778 0.055556 0.555556
Au 0.277778 0.055556 0.666667
Au 0.277778 0.055556 0.777778
Au 0.277778 0.055556 0.888889
Au 0.277778 0.166667 0.000000
Au 0.277778 0.166667 0.111111
Au 0.277778 0.166667 0.222222
Au 0.277778 0.166667 0.333333
Au 0.277778 0.166667 0.444444
Au 0.277778 0.166667 0.555556
Au 0.277778 0.166667 0.666667
Au 0.277778 0.166667 0.777778
Au 0.277778 0.166667 0.888889
Au 0.277778 0.277778 0.000000
Au 0.277778 0.277778 0.111111
Au 0.277778 0.277778 0.222222
Au 0.277778 0.277778 0.333333
Au 0.277778 0.277778 0.444444
Au 0.277778 0.277778 0.555556
Au 0.277778 0.277778 0.666667
Au 0.277778 0.277778 0.777778
Au 0.277778 0.277778 0.888889
Au 0.277778 0.388889 0.000000
Au 0.277778 0.388889 0.111111
Au 0.277778 0.388889 0.222222
Au 0.277778 0.388889 0.333333
Au 0.277778 0.388889 0.444444
Au 0.277778 0.388889 0.555556
Au 0.277778 0.388889 0.666667
Au 0.277778 0.388889 0.777778
Au 0.277778 0.388889 0.888889
Au 0.277778 0.500000 0.000000
Au 0.277778 0.500000 0.111111
Au 0.277778 0.500000 0.222222
Au 0.277778 0.500000 0.333333
Au 0.277778 0.500000 0.444444
Au 0.277778 0.500000 0.555556
Au 0.277778 0.500000 0.666667
Au 0.277778 0.500000 0.777778
Au 0.277778 0.500000 0.888889
Au 0.277778 0.611111 0.000000
Au 0.277778 0.611111 0.111111
Au 0.277778 0.611111 0.222222
Au 0.277778 0.611111 0.333333
Au 0.277778 0.611111 0.444444
Au 0.277778 0.611111 0.555556
Au 0.277778 0.611111 0.666667
Au 0.277778 0.611111 0.777778
Au 0.277778 0.611111 0.888889
Au 0.277778 0.722222 0.000000
Au 0.277778 0.722222 0.111111
Au 0.277778 0.722222 0.222222
Au 0.277778 0.722222 0.333333
Au 0.277778 0.722222 0.444444
Au 0.277778 0.722222 0.555556
Au 0.277778 0.722222 0.666667
Au 0.277778 0.722222 0.777778
Au 0.277778 0.722222 0.888889
Au 0.277778 0.833333 0.000000
Au 0.277778 0.833333 0.111111
Au 0.277778 0.833333 0.222222
Au 0.277778 0.833333 0.333333
Au 0.277778 0.833333 0.444444
Au 0.277778 0.833333 0.555556
Au 0.277778 0.833333 0.666667
Au 0.277778 0.833333 0.777778
Au 0.277778 0.833333 0.888889
Au 0.277778 0.944444 0.000000
Au 0.277778 0.944444 0.111111
Au 0.277778 0.944444 0.222222
Au 0.277778 0.944444 0.333333
Au 0.277778 0.944444 0.444444
Au 0.277778 0.944444 0.555556
Au 0.277778 0.944444 0.666667
Au 0.277778 0.944444 0.777778
Au 0.277778 0.944444 0.888889
Au 0.388889 0.055556 0.000000
Au 0.388889 0.055556 0.111111
Au 0.388889 0.055556 0.222222
Au 0.388889 0.055556 0.333333
Au 0.388889 0.055556 0.444444
Au 0.388889 0.055556 0.555556
Au 0.388889 0.055556 0.666667
Au 0.388889 0.055556 0.777778
Au 0.388889 0.055556 0.888889
Au 0.388889 0.166667 0.000000
Au 0.388889 0.166667 0.111111
Au 0.388889 0.166667 0.222222
Au 0.388889 0.166667 0.333333
Au 0.388889 0.166667 0.444444
Au 0.388889 0.166667 0.555556
Au 0.388889 0.166667 0.666667
Au 0.388889 0.166667 0.777778
Au 0.388889 0.166667 0.888889
Au 0.388889 0.277778 0.000000
Au 0.388889 0.277778 0.111111
Au 0.388889 0.277778 0.222222
Au 0.388889 0.277778 0.333333
Au 0.388889 0.277778 0.444444
Au 0.388889 0.277778 0.555556
Au 0.388889 0.277778 0.666667
Au 0.388889 0.277778 0.777778
Au 0.388889 0.277778 0.888889
Au 0.388889 0.388889 0.000000
Au 0.388889 0.388889 0.111111
Au 0.388889 0.388889 0.222222
Au 0.388889 0.388889 0.333333
Au 0.388889 0.388889 0.444444
Au 0.388889 0.388889 0.555556
Au 0.388889 0.388889 0.666667
Au 0.388889 0.388889 0.777778
Au 0.388889 0.388889 0.888889
Au 0.388889 0.500000 0.000000
Au 0.388889 0.500000 0.111111
Au 0.388889 0.500000 0.222222
Au 0.388889 0.500000 0.333333
Au 0.388889 0.500000 0.444444
Au 0.388889 0.500000 0.555556
Au 0.388889 0.500000 0.666667
Au 0.388889 0.500000 0.777778
Au 0.388889 0.500000 0.888889
Au 0.388889 0.611111 0.000000
Au 0.388889 0.611111 0.111111
Au 0.388889 0.611111 0.222222
Au 0.388889 0.611111 0.333333
Au 0.388889 0.611111 0.444444
Au 0.388889 0.611111 0.555556
Au 0.388889 0.611111 0.666667
Au 0.388889 0.611111 0.777778
Au 0.388889 0.611111 0.888889
Au 0.388889 0.722222 0.000000
Au 0.388889 0.722222 0.111111
Au 0.388889 0.722222 0.222222
Au 0.388889 0.722222 0.333333
Au 0.388889 0.722222 0.444444
Au 0.388889 0.722222 0.555556
Au 0.388889 0.722222 0.666667
Au 0.388889 0.722222 0.777778
Au 0.388889 0.722222 0.888889
Au 0.388889 0.833333 0.000000
Au 0.388889 0.833333 0.111111
Au 0.388889 0.833333 0.222222
Au 0.388889 0.833333 0.333333
Au 0.388889 0.833333 0.444444
Au 0.388889 0.833333 0.555556
Au 0.388889 0.833333 0.666667
Au 0.388889 0.833333 0.777778
Au 0.388889 0.833333 0.888889
Au 0.388889 0.944444 0.000000
Au 0.388889 0.944444 0.111111
Au 0.388889 0.944444 0.222222
Au 0.388889 0.944444 0.333333
Au 0.388889 0.944444 0.444444
Au 0.388889 0.944444 0.555556
Au 0.388889 0.944444 0.666667
Au 0.388889 0.944444 0.777778
Au 0.388889 0.944444 0.888889
Au 0.500000 0.055556 0.000000
Au 0.500000 0.055556 0.111111
Au 0.500000 0.055556 0.222222
Au 0.500000 0.055556 0.333333
Au 0.500000 0.055556 0.444444
Au 0.500000 0.055556 0.555556
Au 0.500000 0.055556 0.666667
Au 0.500000 0.055556 0.777778
Au 0.500000 0.055556 0.888889
Au 0.500000 0.166667 0.000000
Au 0.500000 0.166667 0.111111
Au 0.500000 0.166667 0.222222
Au 0.500000 0.166667 0.333333
Au 0.500000 0.166667 0.444444
Au 0.500000 0.166667 0.555556
Au 0.500000 0.166667 0.666667
Au 0.500000 0.166667 0.777778
Au 0.500000 0.166667 0.888889
Au 0.500000 0.277778 0.000000
Au 0.500000 0.277778 0.111111
Au 0.500000 0.277778 0.222222
Au 0.500000 0.277778 0.333333
Au 0.500000 0.277778 0.444444
Au 0.500000 0.277778 0.555556
Au 0.500000 0.277778 0.666667
Au 0.500000 0.277778 0.777778
Au 0.500000 0.277778 0.888889
Au 0.500000 0.388889 0.000000
Au 0.500000 0.388889 0.111111
Au 0.500000 0.388889 0.222222
Au 0.500000 0.388889 0.333333
Au 0.500000 0.388889 0.444444
Au 0.500000 0.388889 0.555556
Au 0.500000 0.388889 0.666667
Au 0.500000 0.388889 0.777778
Au 0.500000 0.388889 0.888889
Au 0.500000 0.500000 0.000000
Au 0.500000 0.500000 0.111111
Au 0.500000 0.500000 0.222222
Au 0.500000 0.500000 0.333333
Au 0.500000 0.500000 0.444444
Au 0.500000 0.500000 0.555556
Au 0.500000 0.500000 0.666667
Au 0.500000 0.500000 0.777778
Au 0.500000 0.500000 0.888889
Au 0.500000 0.611111 0.000000
Au 0.500000 0.611111 0.111111
Au 0.500000 0.611111 0.222222
Au 0.500000 0.611111 0.333333
Au 0.500000 0.611111 0.444444
Au 0.500000 0.611111 0.555556
Au 0.500000 0.611111 0.666667
Au 0.500000 0.611111 0.777778
Au 0.500000 0.611111 0.888889
Au 0.500000 0.722222 0.000000
Au 0.500000 0.722222 0.111111
Au 0.500000 0.722222 0.222222
Au 0.500000 0.722222 0.333333
Au 0.500000 0.722222 0.444444
Au 0.500000 0.722222 0.555556
Au 0.500000 0.722222 0.666667
Au 0.500000 0.722222 0.777778
Au 0.500000 0.722222 0.888889
Au 0.500000 0.833333 0.000000
Au 0.500000 0.833333 0.111111
Au 0.500000 0.833333 0.222222
Au 0.500000 0.833333 0.333333
Au 0.500000 0.833333 0.444444
Au 0.500000 0.833333 0.555556
Au 0.500000 0.833333 0.666667
Au 0.500000 0.833333 0.777778
Au 0.500000 0.833333 0.888889
Au 0.500000 0.944444 0.000000
Au 0.500000 0.944444 0.111111
Au 0.500000 0.944444 0.222222
Au 0.500000 0.944444 0.333333
Au 0.500000 0.944444 0.444444
Au 0.500000 0.944444 0.555556
Au 0.500000 0.944444 0.666667
Au 0.500000 0.944444 0.777778
Au 0.500000 0.944444 0.888889
Au 0.611111 0.055556 0.000000
Au 0.611111 0.055556 0.111111
Au 0.611111 0.055556 0.222222
Au 0.611111 0.055556 0.333333
Au 0.611111 0.055556 0.444444
Au 0.611111 0.055556 0.555556
Au 0.611111 0.055556 0.666667
Au 0.611111 0.055556 0.777778
Au 0.611111 0.055556 0.888889
Au 0.611111 0.166667 0.000000
Au 0.611111 0.166667 0.111111
Au 0.611111 0.166667 0.222222
Au 0.611111 0.166667 0.333333
Au 0.611111 0.166667 0.444444
Au 0.611111 0.166667 0.555556
Au 0.611111 0.166667 0.666667
Au 0.611111 0.166667 0.777778
Au 0.611111 0.166667 0.888889
Au 0.611111 0.277778 0.000000
Au 0.611111 0.277778 0.111111
Au 0.611111 0.277778 0.222222
Au 0.611111 0.277778 0.333333
Au 0.611111 0.277778 0.444444
Au 0.611111 0.277778 0.555556
Au 0.611111 0.277778 0.666667
Au 0.611111 0.277778 0.777778
Au 0.611111 0.277778 0.888889
Au 0.611111 0.388889 0.000000
Au 0.611111 0.388889 0.111111
Au 0.611111 0.388889 0.222222
Au 0.611111 0.388889 0.333333
Au 0.611111 0.388889 0.444444
Au 0.611111 0.388889 0.555556
Au 0.611111 0.388889 0.666667
Au 0.611111 0.388889 0.777778
Au 0.611111 0.388889 0.888889
Au 0.611111 0.500000 0.000000
Au 0.611111 0.500000 0.111111
Au 0.611111 0.500000 0.222222
Au 0.611111 0.500000 0.333333
Au 0.611111 0.500000 0.444444
Au 0.611111 0.500000 0.555556
Au 0.611111 0.500000 0.666667
Au 0.611111 0.500000 0.777778
Au 0.611111 0.500000 0.888889
Au 0.611111 0.611111 0.000000
Au 0.611111 0.611111 0.111111
Au 0.611111 0.611111 0.222222
Au 0.611111 0.611111 0.333333
Au 0.611111 0.611111 0.444444
Au 0.611111 0.611111 0.555556
Au 0.611111 0.611111 0.666667
Au 0.611111 0.611111 0.777778
Au 0.611111 0.611111 0.888889
Au 0.611111 0.722222 0.000000
Au 0.611111 0.722222 0.111111
Au 0.611111 0.722222 0.222222
Au 0.611111 0.722222 0.333333
Au 0.611111 0.722222 0.444444
Au 0.611111 0.722222 0.555556
Au 0.611111 0.722222 0.666667
Au 0.611111 0.722222 0.777778
Au 0.611111 0.722222 0.888889
Au 0.611111 0.833333 0.000000
Au 0.611111 0.833333 0.111111
Au 0.611111 0.833333 0.222222
Au 0.611111 0.833333 0.333333
Au 0.611111 0.833333 0.444444
Au 0.611111 0.833333 0.555556
Au 0.611111 0.833333 0.666667
Au 0.611111 0.833333 0.777778
Au 0.611111 0.833333 0.888889
Au 0.611111 0.944444 0.000000
Au 0.611111 0.944444 0.111111
Au 0.611111 0.944444 0.222222
Au 0.611111 0.944444 0.333333
Au 0.611111 0.944444 0.444444
Au 0.611111 0.944444 0.555556
Au 0.611111 0.944444 0.666667
Au 0.611111 0.944444 0.777778
Au 0.611111 0.944444 0.888889
Au 0.722222 0.055556 0.000000
Au 0.722222 0.055556 0.111111
Au 0.722222 0.055556 0.222222
Au 0.722222 0.055556 0.333333
Au 0.722222 0.055556 0.444444
Au 0.722222 0.055556 0.555556
Au 0.722222 0.055556 0.666667
Au 0.722222 0.055556 0.777778
Au 0.722222 0.055556 0.888889
Au 0.722222 0.166667 0.000000
Au 0.722222 0.166667 0.111111
Au 0.722222 0.166667 0.222222
Au 0.722222 0.166667 0.333333
Au 0.722222 0.166667 0.444444
Au 0.722222 0.166667 0.555556
Au 0.722222 0.166667 0.666667
Au 0.722222 0.166667 0.777778
Au 0.722222 0.166667 0.888889
Au 0.722222 0.277778 0.000000
Au 0.722222 0.277778 0.111111
Au 0.722222 0.277778 0.222222
Au 0.722222 0.277778 0.333333
Au 0.722222 0.277778 0.444444
Au 0.722222 0.277778 0.555556
Au 0.722222 0.277778 0.666667
Au 0.722222 0.277778 0.777778
Au 0.722222 0.277778 0.888889
Au 0.722222 0.388889 0.000000
Au 0.722222 0.388889 0.111111
Au 0.722222 0.388889 0.222222
Au 0.722222 0.388889 0.333333
Au 0.722222 0.388889 0.444444
Au 0.722222 0.388889 0.555556
Au 0.722222 0.388889 0.666667
Au 0.722222 0.388889 0.777778
Au 0.722222 0.388889 0.888889
Au 0.722222 0.500000 0.000000
Au 0.722222 0.500000 0.111111
Au 0.722222 0.500000 0.222222
Au 0.722222 0.500000 0.333333
Au 0.722222 0.500000 0.444444
Au 0.722222 0.500000 0.555556
Au 0.722222 0.500000 0.666667
Au 0.722222 0.500000 0.777778
Au 0.722222 0.500000 0.888889
Au 0.722222 0.611111 0.000000
Au 0.722222 0.611111 0.111111
Au 0.722222 0.611111 0.222222
Au 0.722222 0.611111 0.333333
Au 0.722222 0.611111 0.444444
Au 0.722222 0.611111 0.555556
Au 0.722222 0.611111 0.666667
Au 0.722222 0.611111 0.777778
Au 0.722222 0.611111 0.888889
Au 0.722222 0.722222 0.000000
Au 0.722222 0.722222 0.111111
Au 0.722222 0.722222 0.222222
Au 0.722222 0.722222 0.333333
Au 0.722222 0.722222 0.444444
Au 0.722222 0.722222 0.555556
Au 0.722222 0.722222 0.666667
Au 0.722222 0.722222 0.777778
Au 0.722222 0.722222 0.888889
Au 0.722222 0.833333 0.000000
Au 0.722222 0.833333 0.111111
Au 0.722222 0.833333 0.222222
Au 0.722222 0.833333 0.333333
Au 0.722222 0.833333 0.444444
Au 0.722222 0.833333 0.555556
Au 0.722222 0.833333 0.666667
Au 0.722222 0.833333 0.777778
Au 0.722222 0.833333 0.888889
Au 0.722222 0.944444 0.000000
Au 0.722222 0.944444 0.111111
Au 0.722222 0.944444 0.222222
Au 0.722222 0.944444 0.333333
Au 0.722222 0.944444 0.444444
Au 0.722222 0.944444 0.555556
Au 0.722222 0.944444 0.666667
Au 0.722222 0.944444 0.777778
Au 0.722222 0.944444 0.888889
Au 0.833333 0.055556 0.000000
Au 0.833333 0.055556 0.111111
Au 0.833333 0.055556 0.222222
Au 0.833333 0.055556 0.333333
Au 0.833333 0.055556 0.444444
Au 0.833333 0.055556 0.555556
Au 0.833333 0.055556 0.666667
Au 0.833333 0.055556 0.777778
Au 0.833333 0.055556 0.888889
Au 0.833333 0.166667 0.000000
Au 0.833333 0.166667 0.111111
Au 0.833333 0.166667 0.222222
Au 0.833333 0.166667 0.333333
Au 0.833333 0.166667 0.444444
Au 0.833333 0.166667 0.555556
Au 0.833333 0.166667 0.666667
Au 0.833333 0.166667 0.777778
Au 0.833333 0.166667 0.888889
Au 0.833333 0.277778 0.000000
Au 0.833333 0.277778 0.111111
Au 0.833333 0.277778 0.222222
Au 0.833333 0.277778 0.333333
Au 0.833333 0.277778 0.444444
Au 0.833333 0.277778 0.555556
Au 0.833333 0.277778 0.666667
Au 0.833333 0.277778 0.777778
Au 0.833333 0.277778 0.888889
Au 0.833333 0.388889 0.000000
Au 0.833333 0.388889 0.111111
Au 0.833333 0.388889 0.222222
Au 0.833333 0.388889 0.333333
Au 0.833333 0.388889 0.444444
Au 0.833333 0.388889 0.555556
Au 0.833333 0.388889 0.666667
Au 0.833333 0.388889 0.777778
Au 0.833333 0.388889 0.888889
Au 0.833333 0.500000 0.000000
Au 0.833333 0.500000 0.111111
Au 0.833333 0.500000 0.222222
Au 0.833333 0.500000 0.333333
Au 0.833333 0.500000 0.444444
Au 0.833333 0.500000 0.555556
Au 0.833333 0.500000 0.666667
Au 0.833333 0.500000 0.777778
Au 0.833333 0.500000 0.888889
Au 0.833333 0.611111 0.000000
Au 0.833333 0.611111 0.111111
Au 0.833333 0.611111 0.222222
Au 0.833333 0.611111 0.333333
Au 0.833333 0.611111 0.444444
Au 0.833333 0.611111 0.555556
Au 0.833333 0.611111 0.666667
Au 0.833333 0.611111 0.777778
Au 0.833333 0.611111 0.888889
Au 0.833333 0.722222 0.000000
Au 0.833333 0.722222 0.111111
Au 0.833333 0.722222 0.222222
Au 0.833333 0.722222 0.333333
Au 0.833333 0.722222 0.444444
Au 0.833333 0.722222 0.555556
Au 0.833333 0.722222 0.666667
Au 0.833333 0.722222 0.777778
Au 0.833333 0.722222 0.888889
Au 0.833333 0.833333 0.000000
Au 0.833333 0.833333 0.111111
Au 0.833333 0.833333 0.222222
Au 0.833333 0.833333 0.333333
Au 0.833333 0.833333 0.444444
Au 0.833333 0.833333 0.555556
Au 0.833333 0.833333 0.666667
Au 0.833333 0.833333 0.777778
Au 0.833333 0.833333 0.888889
Au 0.833333 0.944444 0.000000
Au 0.833333 0.944444 0.111111
Au 0.833333 0.944444 0.222222
Au 0.833333 0.944444 0.333333
Au 0.833333 0.944444 0.444444
Au 0.833333 0.944444 0.555556
Au 0.833333 0.944444 0.666667
Au 0.833333 0.944444 0.777778
Au 0.833333 0.944444 0.888889
Au 0.944444 0.055556 0.000000
Au 0.944444 0.055556 0.111111
Au 0.944444 0.055556 0.222222
Au 0.944444 0.055556 0.333333
Au 0.944444 0.055556 0.444444
Au 0.944444 0.055556 0.555556
Au 0.944444 0.055556 0.666667
Au 0.944444 0.055556 0.777778
Au 0.944444 0.055556 0.888889
Au 0.944444 0.166667 0.000000
Au 0.944444 0.166667 0.111111
Au 0.944444 0.166667 0.222222
Au 0.944444 0.166667 0.333333
Au 0.944444 0.166667 0.444444
Au 0.944444 0.166667 0.555556
Au 0.944444 0.166667 0.666667
Au 0.944444 0.166667 0.777778
Au 0.944444 0.166667 0.888889
Au 0.944444 0.277778 0.000000
Au 0.944444 0.277778 0.111111
Au 0.944444 0.277778 0.222222
Au 0.944444 0.277778 0.333333
Au 0.944444 0.277778 0.444444
Au 0.944444 0.277778 0.555556
Au 0.944444 0.277778 0.666667
Au 0.944444 0.277778 0.777778
Au 0.944444 0.277778 0.888889
Au 0.944444 0.388889 0.000000
Au 0.944444 0.388889 0.111111
Au 0.944444 0.388889 0.222222
Au 0.944444 0.388889 0.333333
Au 0.944444 0.388889 0.444444
Au 0.944444 0.388889 0.555556
Au 0.944444 0.388889 0.666667
Au 0.944444 0.388889 0.777778
Au 0.944444 0.388889 0.888889
Au 0.944444 0.500000 0.000000
Au 0.944444 0.500000 0.111111
Au 0.944444 0.500000 0.222222
Au 0.944444 0.500000 0.333333
Au 0.944444 0.500000 0.444444
Au 0.944444 0.500000 0.555556
Au 0.944444 0.500000 0.666667
Au 0.944444 0.500000 0.777778
Au 0.944444 0.500000 0.888889
Au 0.944444 0.611111 0.000000
Au 0.944444 0.611111 0.111111
Au 0.944444 0.611111 0.222222
Au 0.944444 0.611111 0.333333
Au 0.944444 0.611111 0.444444
Au 0.944444 0.611111 0.555556
Au 0.944444 0.611111 0.666667
Au 0.944444 0.611111 0.777778
Au 0.944444 0.611111 0.888889
Au 0.944444 0.722222 0.000000
Au 0.944444 0.722222 0.111111
Au 0.944444 0.722222 0.222222
Au 0.944444 0.722222 0.333333
Au 0.944444 0.722222 0.444444
Au 0.944444 0.722222 0.555556
Au 0.944444 0.722222 0.666667
Au 0.944444 0.722222 0.777778
Au 0.944444 0.722222 0.888889
Au 0.944444 0.833333 0.000000
Au 0.944444 0.833333 0.111111
Au 0.944444 0.833333 0.222222
Au 0.944444 0.833333 0.333333
Au 0.944444 0.833333 0.444444
Au 0.944444 0.833333 0.555556
Au 0.944444 0.833333 0.666667
Au 0.944444 0.833333 0.777778
Au 0.944444 0.833333 0.888889
Au 0.944444 0.944444 0.000000
Au 0.944444 0.944444 0.111111
Au 0.944444 0.944444 0.222222
Au 0.944444 0.944444 0.333333
Au 0.944444 0.944444 0.444444
Au 0.944444 0.944444 0.555556
Au 0.944444 0.944444 0.666667
Au 0.944444 0.944444 0.777778
Au 0.944444 0.944444 0.888889
lennard 12 6

Au core Au core 214108.2 625.482 40.0 0 0


