single dist comp conp

cell
16.308000 16.308000 16.308000 90.000000 90.000000 90.000000
fractional
Au 0.000000 0.000000 0.000000
Au 0.000000 0.000000 0.250000
Au 0.000000 0.000000 0.500000
Au 0.000000 0.000000 0.750000
Au 0.000000 0.250000 0.000000
Au 0.000000 0.250000 0.250000
Au 0.000000 0.250000 0.500000
Au 0.000000 0.250000 0.750000
Au 0.000000 0.500000 0.000000
Au 0.000000 0.500000 0.250000
Au 0.000000 0.500000 0.500000
Au 0.000000 0.500000 0.750000
Au 0.000000 0.750000 0.000000
Au 0.000000 0.750000 0.250000
Au 0.000000 0.750000 0.500000
Au 0.000000 0.750000 0.750000
Au 0.250000 0.000000 0.000000
Au 0.250000 0.000000 0.250000
Au 0.250000 0.000000 0.500000
Au 0.250000 0.000000 0.750000
Au 0.250000 0.250000 0.000000
Au 0.250000 0.250000 0.250000
Au 0.250000 0.250000 0.500000
Au 0.250000 0.250000 0.750000
Au 0.250000 0.500000 0.000000
Au 0.250000 0.500000 0.250000
Au 0.250000 0.500000 0.500000
Au 0.250000 0.500000 0.750000
Au 0.250000 0.750000 0.000000
Au 0.250000 0.750000 0.250000
Au 0.250000 0.750000 0.500000
Au 0.250000 0.750000 0.750000
Au 0.500000 0.000000 0.000000
Au 0.500000 0.000000 0.250000
Au 0.500000 0.000000 0.500000
Au 0.500000 0.000000 0.750000
Au 0.500000 0.250000 0.000000
Au 0.500000 0.250000 0.250000
Au 0.500000 0.250000 0.500000
Au 0.500000 0.250000 0.750000
Au 0.500000 0.500000 0.000000
Au 0.500000 0.500000 0.250000
Au 0.500000 0.500000 0.500000
Au 0.500000 0.500000 0.750000
Au 0.500000 0.750000 0.000000
Au 0.500000 0.750000 0.250000
Au 0.500000 0.750000 0.500000
Au 0.500000 0.750000 0.750000
Au 0.750000 0.000000 0.000000
Au 0.750000 0.000000 0.250000
Au 0.750000 0.000000 0.500000
Au 0.750000 0.000000 0.750000
Au 0.750000 0.250000 0.000000
Au 0.750000 0.250000 0.250000
Au 0.750000 0.250000 0.500000
Au 0.750000 0.250000 0.750000
Au 0.750000 0.500000 0.000000
Au 0.750000 0.500000 0.250000
Au 0.750000 0.500000 0.500000
Au 0.750000 0.500000 0.750000
Au 0.750000 0.750000 0.000000
Au 0.750000 0.750000 0.250000
Au 0.750000 0.750000 0.500000
Au 0.750000 0.750000 0.750000
Au 0.000000 0.125000 0.125000
Au 0.000000 0.125000 0.375000
Au 0.000000 0.125000 0.625000
Au 0.000000 0.125000 0.875000
Au 0.000000 0.375000 0.125000
Au 0.000000 0.375000 0.375000
Au 0.000000 0.375000 0.625000
Au 0.000000 0.375000 0.875000
Au 0.000000 0.625000 0.125000
Au 0.000000 0.625000 0.375000
Au 0.000000 0.625000 0.625000
Au 0.000000 0.625000 0.875000
Au 0.000000 0.875000 0.125000
Au 0.000000 0.875000 0.375000
Au 0.000000 0.875000 0.625000
Au 0.000000 0.875000 0.875000
Au 0.250000 0.125000 0.125000
Au 0.250000 0.125000 0.375000
Au 0.250000 0.125000 0.625000
Au 0.250000 0.125000 0.875000
Au 0.250000 0.375000 0.125000
Au 0.250000 0.375000 0.375000
Au 0.250000 0.375000 0.625000
Au 0.250000 0.375000 0.875000
Au 0.250000 0.625000 0.125000
Au 0.250000 0.625000 0.375000
Au 0.250000 0.625000 0.625000
Au 0.250000 0.625000 0.875000
Au 0.250000 0.875000 0.125000
Au 0.250000 0.875000 0.375000
Au 0.250000 0.875000 0.625000
Au 0.250000 0.875000 0.875000
Au 0.500000 0.125000 0.125000
Au 0.500000 0.125000 0.375000
Au 0.500000 0.125000 0.625000
Au 0.500000 0.125000 0.875000
Au 0.500000 0.375000 0.125000
Au 0.500000 0.375000 0.375000
Au 0.500000 0.375000 0.625000
Au 0.500000 0.375000 0.875000
Au 0.500000 0.625000 0.125000
Au 0.500000 0.625000 0.375000
Au 0.500000 0.625000 0.625000
Au 0.500000 0.625000 0.875000
Au 0.500000 0.875000 0.125000
Au 0.500000 0.875000 0.375000
Au 0.500000 0.875000 0.625000
Au 0.500000 0.875000 0.875000
Au 0.750000 0.125000 0.125000
Au 0.750000 0.125000 0.375000
Au 0.750000 0.125000 0.625000
Au 0.750000 0.125000 0.875000
Au 0.750000 0.375000 0.125000
Au 0.750000 0.375000 0.375000
Au 0.750000 0.375000 0.625000
Au 0.750000 0.375000 0.875000
Au 0.750000 0.625000 0.125000
Au 0.750000 0.625000 0.375000
Au 0.750000 0.625000 0.625000
Au 0.750000 0.625000 0.875000
Au 0.750000 0.875000 0.125000
Au 0.750000 0.875000 0.375000
Au 0.750000 0.875000 0.625000
Au 0.750000 0.875000 0.875000
Au 0.125000 0.000000 0.375000
Au 0.125000 0.000000 0.625000
Au 0.125000 0.000000 0.875000
Au 0.125000 0.250000 0.125000
Au 0.125000 0.250000 0.375000
Au 0.125000 0.250000 0.625000
Au 0.125000 0.250000 0.875000
Au 0.125000 0.500000 0.125000
Au 0.125000 0.500000 0.375000
Au 0.125000 0.500000 0.625000
Au 0.125000 0.500000 0.875000
Au 0.125000 0.750000 0.125000
Au 0.125000 0.750000 0.375000
Au 0.125000 0.750000 0.625000
Au 0.125000 0.750000 0.875000
Au 0.375000 0.000000 0.125000
Au 0.375000 0.000000 0.375000
Au 0.375000 0.000000 0.625000
Au 0.375000 0.000000 0.875000
Au 0.375000 0.250000 0.125000
Au 0.375000 0.250000 0.375000
Au 0.375000 0.250000 0.625000
Au 0.375000 0.250000 0.875000
Au 0.375000 0.500000 0.125000
Au 0.375000 0.500000 0.375000
Au 0.375000 0.500000 0.625000
Au 0.375000 0.500000 0.875000
Au 0.375000 0.750000 0.125000
Au 0.375000 0.750000 0.375000
Au 0.375000 0.750000 0.625000
Au 0.375000 0.750000 0.875000
Au 0.625000 0.000000 0.125000
Au 0.625000 0.000000 0.375000
Au 0.625000 0.000000 0.625000
Au 0.625000 0.000000 0.875000
Au 0.625000 0.250000 0.125000
Au 0.625000 0.250000 0.375000
Au 0.625000 0.250000 0.625000
Au 0.625000 0.250000 0.875000
Au 0.625000 0.500000 0.125000
Au 0.625000 0.500000 0.375000
Au 0.625000 0.500000 0.625000
Au 0.625000 0.500000 0.875000
Au 0.625000 0.750000 0.125000
Au 0.625000 0.750000 0.375000
Au 0.625000 0.750000 0.625000
Au 0.625000 0.750000 0.875000
Au 0.875000 0.000000 0.125000
Au 0.875000 0.000000 0.375000
Au 0.875000 0.000000 0.625000
Au 0.875000 0.000000 0.875000
Au 0.875000 0.250000 0.125000
Au 0.875000 0.250000 0.375000
Au 0.875000 0.250000 0.625000
Au 0.875000 0.250000 0.875000
Au 0.875000 0.500000 0.125000
Au 0.875000 0.500000 0.375000
Au 0.875000 0.500000 0.625000
Au 0.875000 0.500000 0.875000
Au 0.875000 0.750000 0.125000
Au 0.875000 0.750000 0.375000
Au 0.875000 0.750000 0.625000
Au 0.875000 0.750000 0.875000
Au 0.125000 0.125000 0.000000
Au 0.125000 0.125000 0.250000
Au 0.125000 0.125000 0.500000
Au 0.125000 0.125000 0.750000
Au 0.125000 0.375000 0.000000
Au 0.125000 0.375000 0.250000
Au 0.125000 0.375000 0.500000
Au 0.125000 0.375000 0.750000
Au 0.125000 0.625000 0.000000
Au 0.125000 0.625000 0.250000
Au 0.125000 0.625000 0.500000
Au 0.125000 0.625000 0.750000
Au 0.125000 0.875000 0.000000
Au 0.125000 0.875000 0.250000
Au 0.125000 0.875000 0.500000
Au 0.125000 0.875000 0.750000
Au 0.375000 0.125000 0.000000
Au 0.375000 0.125000 0.250000
Au 0.375000 0.125000 0.500000
Au 0.375000 0.125000 0.750000
Au 0.375000 0.375000 0.000000
Au 0.375000 0.375000 0.250000
Au 0.375000 0.375000 0.500000
Au 0.375000 0.375000 0.750000
Au 0.375000 0.625000 0.000000
Au 0.375000 0.625000 0.250000
Au 0.375000 0.625000 0.500000
Au 0.375000 0.625000 0.750000
Au 0.375000 0.875000 0.000000
Au 0.375000 0.875000 0.250000
Au 0.375000 0.875000 0.500000
Au 0.375000 0.875000 0.750000
Au 0.625000 0.125000 0.000000
Au 0.625000 0.125000 0.250000
Au 0.625000 0.125000 0.500000
Au 0.625000 0.125000 0.750000
Au 0.625000 0.375000 0.000000
Au 0.625000 0.375000 0.250000
Au 0.625000 0.375000 0.500000
Au 0.625000 0.375000 0.750000
Au 0.625000 0.625000 0.000000
Au 0.625000 0.625000 0.250000
Au 0.625000 0.625000 0.500000
Au 0.625000 0.625000 0.750000
Au 0.625000 0.875000 0.000000
Au 0.625000 0.875000 0.250000
Au 0.625000 0.875000 0.500000
Au 0.625000 0.875000 0.750000
Au 0.875000 0.125000 0.000000
Au 0.875000 0.125000 0.250000
Au 0.875000 0.125000 0.500000
Au 0.875000 0.125000 0.750000
Au 0.875000 0.375000 0.000000
Au 0.875000 0.375000 0.250000
Au 0.875000 0.375000 0.500000
Au 0.875000 0.375000 0.750000
Au 0.875000 0.625000 0.000000
Au 0.875000 0.625000 0.250000
Au 0.875000 0.625000 0.500000
Au 0.875000 0.625000 0.750000
Au 0.875000 0.875000 0.000000
Au 0.875000 0.875000 0.250000
Au 0.875000 0.875000 0.500000
Au 0.875000 0.875000 0.750000
library suttonchen

dump au_eam_4.grs


