single dist comp conp

cell
12.231000 12.231000 12.231000 90.000000 90.000000 90.000000
fractional
Au 0.000000 0.000000 0.000000
Au 0.000000 0.000000 0.333333
Au 0.000000 0.000000 0.666667
Au 0.000000 0.333333 0.000000
Au 0.000000 0.333333 0.333333
Au 0.000000 0.333333 0.666667
Au 0.000000 0.666667 0.000000
Au 0.000000 0.666667 0.333333
Au 0.000000 0.666667 0.666667
Au 0.333333 0.000000 0.000000
Au 0.333333 0.000000 0.333333
Au 0.333333 0.000000 0.666667
Au 0.333333 0.333333 0.000000
Au 0.333333 0.333333 0.333333
Au 0.333333 0.333333 0.666667
Au 0.333333 0.666667 0.000000
Au 0.333333 0.666667 0.333333
Au 0.333333 0.666667 0.666667
Au 0.666667 0.000000 0.000000
Au 0.666667 0.000000 0.333333
Au 0.666667 0.000000 0.666667
Au 0.666667 0.333333 0.000000
Au 0.666667 0.333333 0.333333
Au 0.666667 0.333333 0.666667
Au 0.666667 0.666667 0.000000
Au 0.666667 0.666667 0.333333
Au 0.666667 0.666667 0.666667
Au 0.000000 0.166667 0.166667
Au 0.000000 0.166667 0.500000
Au 0.000000 0.166667 0.833333
Au 0.000000 0.500000 0.166667
Au 0.000000 0.500000 0.500000
Au 0.000000 0.500000 0.833333
Au 0.000000 0.833333 0.166667
Au 0.000000 0.833333 0.500000
Au 0.000000 0.833333 0.833333
Au 0.333333 0.166667 0.166667
Au 0.333333 0.166667 0.500000
Au 0.333333 0.166667 0.833333
Au 0.333333 0.500000 0.166667
Au 0.333333 0.500000 0.500000
Au 0.333333 0.500000 0.833333
Au 0.333333 0.833333 0.166667
Au 0.333333 0.833333 0.500000
Au 0.333333 0.833333 0.833333
Au 0.666667 0.166667 0.166667
Au 0.666667 0.166667 0.500000
Au 0.666667 0.166667 0.833333
Au 0.666667 0.500000 0.166667
Au 0.666667 0.500000 0.500000
Au 0.666667 0.500000 0.833333
Au 0.666667 0.833333 0.166667
Au 0.666667 0.833333 0.500000
Au 0.666667 0.833333 0.833333
Au 0.166667 0.000000 0.500000
Au 0.166667 0.000000 0.833333
Au 0.166667 0.333333 0.166667
Au 0.166667 0.333333 0.500000
Au 0.166667 0.333333 0.833333
Au 0.166667 0.666667 0.166667
Au 0.166667 0.666667 0.500000
Au 0.166667 0.666667 0.833333
Au 0.500000 0.000000 0.166667
Au 0.500000 0.000000 0.500000
Au 0.500000 0.000000 0.833333
Au 0.500000 0.333333 0.166667
Au 0.500000 0.333333 0.500000
Au 0.500000 0.333333 0.833333
Au 0.500000 0.666667 0.166667
Au 0.500000 0.666667 0.500000
Au 0.500000 0.666667 0.833333
Au 0.833333 0.000000 0.166667
Au 0.833333 0.000000 0.500000
Au 0.833333 0.000000 0.833333
Au 0.833333 0.333333 0.166667
Au 0.833333 0.333333 0.500000
Au 0.833333 0.333333 0.833333
Au 0.833333 0.666667 0.166667
Au 0.833333 0.666667 0.500000
Au 0.833333 0.666667 0.833333
Au 0.166667 0.166667 0.000000
Au 0.166667 0.166667 0.333333
Au 0.166667 0.166667 0.666667
Au 0.166667 0.500000 0.000000
Au 0.166667 0.500000 0.333333
Au 0.166667 0.500000 0.666667
Au 0.166667 0.833333 0.000000
Au 0.166667 0.833333 0.333333
Au 0.166667 0.833333 0.666667
Au 0.500000 0.166667 0.000000
Au 0.500000 0.166667 0.333333
Au 0.500000 0.166667 0.666667
Au 0.500000 0.500000 0.000000
Au 0.500000 0.500000 0.333333
Au 0.500000 0.500000 0.666667
Au 0.500000 0.833333 0.000000
Au 0.500000 0.833333 0.333333
Au 0.500000 0.833333 0.666667
Au 0.833333 0.166667 0.000000
Au 0.833333 0.166667 0.333333
Au 0.833333 0.166667 0.666667
Au 0.833333 0.500000 0.000000
Au 0.833333 0.500000 0.333333
Au 0.833333 0.500000 0.666667
Au 0.833333 0.833333 0.000000
Au 0.833333 0.833333 0.333333
Au 0.833333 0.833333 0.666667
library suttonchen

dump au_eam_3.grs


