single dist comp conp

cell
20.385000 20.385000 20.385000 90.000000 90.000000 90.000000
fractional
Au 0.000000 0.000000 0.000000
Au 0.000000 0.000000 0.200000
Au 0.000000 0.000000 0.400000
Au 0.000000 0.000000 0.600000
Au 0.000000 0.000000 0.800000
Au 0.000000 0.200000 0.000000
Au 0.000000 0.200000 0.200000
Au 0.000000 0.200000 0.400000
Au 0.000000 0.200000 0.600000
Au 0.000000 0.200000 0.800000
Au 0.000000 0.400000 0.000000
Au 0.000000 0.400000 0.200000
Au 0.000000 0.400000 0.400000
Au 0.000000 0.400000 0.600000
Au 0.000000 0.400000 0.800000
Au 0.000000 0.600000 0.000000
Au 0.000000 0.600000 0.200000
Au 0.000000 0.600000 0.400000
Au 0.000000 0.600000 0.600000
Au 0.000000 0.600000 0.800000
Au 0.000000 0.800000 0.000000
Au 0.000000 0.800000 0.200000
Au 0.000000 0.800000 0.400000
Au 0.000000 0.800000 0.600000
Au 0.000000 0.800000 0.800000
Au 0.200000 0.000000 0.000000
Au 0.200000 0.000000 0.200000
Au 0.200000 0.000000 0.400000
Au 0.200000 0.000000 0.600000
Au 0.200000 0.000000 0.800000
Au 0.200000 0.200000 0.000000
Au 0.200000 0.200000 0.200000
Au 0.200000 0.200000 0.400000
Au 0.200000 0.200000 0.600000
Au 0.200000 0.200000 0.800000
Au 0.200000 0.400000 0.000000
Au 0.200000 0.400000 0.200000
Au 0.200000 0.400000 0.400000
Au 0.200000 0.400000 0.600000
Au 0.200000 0.400000 0.800000
Au 0.200000 0.600000 0.000000
Au 0.200000 0.600000 0.200000
Au 0.200000 0.600000 0.400000
Au 0.200000 0.600000 0.600000
Au 0.200000 0.600000 0.800000
Au 0.200000 0.800000 0.000000
Au 0.200000 0.800000 0.200000
Au 0.200000 0.800000 0.400000
Au 0.200000 0.800000 0.600000
Au 0.200000 0.800000 0.800000
Au 0.400000 0.000000 0.000000
Au 0.400000 0.000000 0.200000
Au 0.400000 0.000000 0.400000
Au 0.400000 0.000000 0.600000
Au 0.400000 0.000000 0.800000
Au 0.400000 0.200000 0.000000
Au 0.400000 0.200000 0.200000
Au 0.400000 0.200000 0.400000
Au 0.400000 0.200000 0.600000
Au 0.400000 0.200000 0.800000
Au 0.400000 0.400000 0.000000
Au 0.400000 0.400000 0.200000
Au 0.400000 0.400000 0.400000
Au 0.400000 0.400000 0.600000
Au 0.400000 0.400000 0.800000
Au 0.400000 0.600000 0.000000
Au 0.400000 0.600000 0.200000
Au 0.400000 0.600000 0.400000
Au 0.400000 0.600000 0.600000
Au 0.400000 0.600000 0.800000
Au 0.400000 0.800000 0.000000
Au 0.400000 0.800000 0.200000
Au 0.400000 0.800000 0.400000
Au 0.400000 0.800000 0.600000
Au 0.400000 0.800000 0.800000
Au 0.600000 0.000000 0.000000
Au 0.600000 0.000000 0.200000
Au 0.600000 0.000000 0.400000
Au 0.600000 0.000000 0.600000
Au 0.600000 0.000000 0.800000
Au 0.600000 0.200000 0.000000
Au 0.600000 0.200000 0.200000
Au 0.600000 0.200000 0.400000
Au 0.600000 0.200000 0.600000
Au 0.600000 0.200000 0.800000
Au 0.600000 0.400000 0.000000
Au 0.600000 0.400000 0.200000
Au 0.600000 0.400000 0.400000
Au 0.600000 0.400000 0.600000
Au 0.600000 0.400000 0.800000
Au 0.600000 0.600000 0.000000
Au 0.600000 0.600000 0.200000
Au 0.600000 0.600000 0.400000
Au 0.600000 0.600000 0.600000
Au 0.600000 0.600000 0.800000
Au 0.600000 0.800000 0.000000
Au 0.600000 0.800000 0.200000
Au 0.600000 0.800000 0.400000
Au 0.600000 0.800000 0.600000
Au 0.600000 0.800000 0.800000
Au 0.800000 0.000000 0.000000
Au 0.800000 0.000000 0.200000
Au 0.800000 0.000000 0.400000
Au 0.800000 0.000000 0.600000
Au 0.800000 0.000000 0.800000
Au 0.800000 0.200000 0.000000
Au 0.800000 0.200000 0.200000
Au 0.800000 0.200000 0.400000
Au 0.800000 0.200000 0.600000
Au 0.800000 0.200000 0.800000
Au 0.800000 0.400000 0.000000
Au 0.800000 0.400000 0.200000
Au 0.800000 0.400000 0.400000
Au 0.800000 0.400000 0.600000
Au 0.800000 0.400000 0.800000
Au 0.800000 0.600000 0.000000
Au 0.800000 0.600000 0.200000
Au 0.800000 0.600000 0.400000
Au 0.800000 0.600000 0.600000
Au 0.800000 0.600000 0.800000
Au 0.800000 0.800000 0.000000
Au 0.800000 0.800000 0.200000
Au 0.800000 0.800000 0.400000
Au 0.800000 0.800000 0.600000
Au 0.800000 0.800000 0.800000
Au 0.000000 0.100000 0.100000
Au 0.000000 0.100000 0.300000
Au 0.000000 0.100000 0.500000
Au 0.000000 0.100000 0.700000
Au 0.000000 0.100000 0.900000
Au 0.000000 0.300000 0.100000
Au 0.000000 0.300000 0.300000
Au 0.000000 0.300000 0.500000
Au 0.000000 0.300000 0.700000
Au 0.000000 0.300000 0.900000
Au 0.000000 0.500000 0.100000
Au 0.000000 0.500000 0.300000
Au 0.000000 0.500000 0.500000
Au 0.000000 0.500000 0.700000
Au 0.000000 0.500000 0.900000
Au 0.000000 0.700000 0.100000
Au 0.000000 0.700000 0.300000
Au 0.000000 0.700000 0.500000
Au 0.000000 0.700000 0.700000
Au 0.000000 0.700000 0.900000
Au 0.000000 0.900000 0.100000
Au 0.000000 0.900000 0.300000
Au 0.000000 0.900000 0.500000
Au 0.000000 0.900000 0.700000
Au 0.000000 0.900000 0.900000
Au 0.200000 0.100000 0.100000
Au 0.200000 0.100000 0.300000
Au 0.200000 0.100000 0.500000
Au 0.200000 0.100000 0.700000
Au 0.200000 0.100000 0.900000
Au 0.200000 0.300000 0.100000
Au 0.200000 0.300000 0.300000
Au 0.200000 0.300000 0.500000
Au 0.200000 0.300000 0.700000
Au 0.200000 0.300000 0.900000
Au 0.200000 0.500000 0.100000
Au 0.200000 0.500000 0.300000
Au 0.200000 0.500000 0.500000
Au 0.200000 0.500000 0.700000
Au 0.200000 0.500000 0.900000
Au 0.200000 0.700000 0.100000
Au 0.200000 0.700000 0.300000
Au 0.200000 0.700000 0.500000
Au 0.200000 0.700000 0.700000
Au 0.200000 0.700000 0.900000
Au 0.200000 0.900000 0.100000
Au 0.200000 0.900000 0.300000
Au 0.200000 0.900000 0.500000
Au 0.200000 0.900000 0.700000
Au 0.200000 0.900000 0.900000
Au 0.400000 0.100000 0.100000
Au 0.400000 0.100000 0.300000
Au 0.400000 0.100000 0.500000
Au 0.400000 0.100000 0.700000
Au 0.400000 0.100000 0.900000
Au 0.400000 0.300000 0.100000
Au 0.400000 0.300000 0.300000
Au 0.400000 0.300000 0.500000
Au 0.400000 0.300000 0.700000
Au 0.400000 0.300000 0.900000
Au 0.400000 0.500000 0.100000
Au 0.400000 0.500000 0.300000
Au 0.400000 0.500000 0.500000
Au 0.400000 0.500000 0.700000
Au 0.400000 0.500000 0.900000
Au 0.400000 0.700000 0.100000
Au 0.400000 0.700000 0.300000
Au 0.400000 0.700000 0.500000
Au 0.400000 0.700000 0.700000
Au 0.400000 0.700000 0.900000
Au 0.400000 0.900000 0.100000
Au 0.400000 0.900000 0.300000
Au 0.400000 0.900000 0.500000
Au 0.400000 0.900000 0.700000
Au 0.400000 0.900000 0.900000
Au 0.600000 0.100000 0.100000
Au 0.600000 0.100000 0.300000
Au 0.600000 0.100000 0.500000
Au 0.600000 0.100000 0.700000
Au 0.600000 0.100000 0.900000
Au 0.600000 0.300000 0.100000
Au 0.600000 0.300000 0.300000
Au 0.600000 0.300000 0.500000
Au 0.600000 0.300000 0.700000
Au 0.600000 0.300000 0.900000
Au 0.600000 0.500000 0.100000
Au 0.600000 0.500000 0.300000
Au 0.600000 0.500000 0.500000
Au 0.600000 0.500000 0.700000
Au 0.600000 0.500000 0.900000
Au 0.600000 0.700000 0.100000
Au 0.600000 0.700000 0.300000
Au 0.600000 0.700000 0.500000
Au 0.600000 0.700000 0.700000
Au 0.600000 0.700000 0.900000
Au 0.600000 0.900000 0.100000
Au 0.600000 0.900000 0.300000
Au 0.600000 0.900000 0.500000
Au 0.600000 0.900000 0.700000
Au 0.600000 0.900000 0.900000
Au 0.800000 0.100000 0.100000
Au 0.800000 0.100000 0.300000
Au 0.800000 0.100000 0.500000
Au 0.800000 0.100000 0.700000
Au 0.800000 0.100000 0.900000
Au 0.800000 0.300000 0.100000
Au 0.800000 0.300000 0.300000
Au 0.800000 0.300000 0.500000
Au 0.800000 0.300000 0.700000
Au 0.800000 0.300000 0.900000
Au 0.800000 0.500000 0.100000
Au 0.800000 0.500000 0.300000
Au 0.800000 0.500000 0.500000
Au 0.800000 0.500000 0.700000
Au 0.800000 0.500000 0.900000
Au 0.800000 0.700000 0.100000
Au 0.800000 0.700000 0.300000
Au 0.800000 0.700000 0.500000
Au 0.800000 0.700000 0.700000
Au 0.800000 0.700000 0.900000
Au 0.800000 0.900000 0.100000
Au 0.800000 0.900000 0.300000
Au 0.800000 0.900000 0.500000
Au 0.800000 0.900000 0.700000
Au 0.800000 0.900000 0.900000
Au 0.100000 0.000000 0.300000
Au 0.100000 0.000000 0.500000
Au 0.100000 0.000000 0.700000
Au 0.100000 0.000000 0.900000
Au 0.100000 0.200000 0.100000
Au 0.100000 0.200000 0.300000
Au 0.100000 0.200000 0.500000
Au 0.100000 0.200000 0.700000
Au 0.100000 0.200000 0.900000
Au 0.100000 0.400000 0.100000
Au 0.100000 0.400000 0.300000
Au 0.100000 0.400000 0.500000
Au 0.100000 0.400000 0.700000
Au 0.100000 0.400000 0.900000
Au 0.100000 0.600000 0.100000
Au 0.100000 0.600000 0.300000
Au 0.100000 0.600000 0.500000
Au 0.100000 0.600000 0.700000
Au 0.100000 0.600000 0.900000
Au 0.100000 0.800000 0.100000
Au 0.100000 0.800000 0.300000
Au 0.100000 0.800000 0.500000
Au 0.100000 0.800000 0.700000
Au 0.100000 0.800000 0.900000
Au 0.300000 0.000000 0.100000
Au 0.300000 0.000000 0.300000
Au 0.300000 0.000000 0.500000
Au 0.300000 0.000000 0.700000
Au 0.300000 0.000000 0.900000
Au 0.300000 0.200000 0.100000
Au 0.300000 0.200000 0.300000
Au 0.300000 0.200000 0.500000
Au 0.300000 0.200000 0.700000
Au 0.300000 0.200000 0.900000
Au 0.300000 0.400000 0.100000
Au 0.300000 0.400000 0.300000
Au 0.300000 0.400000 0.500000
Au 0.300000 0.400000 0.700000
Au 0.300000 0.400000 0.900000
Au 0.300000 0.600000 0.100000
Au 0.300000 0.600000 0.300000
Au 0.300000 0.600000 0.500000
Au 0.300000 0.600000 0.700000
Au 0.300000 0.600000 0.900000
Au 0.300000 0.800000 0.100000
Au 0.300000 0.800000 0.300000
Au 0.300000 0.800000 0.500000
Au 0.300000 0.800000 0.700000
Au 0.300000 0.800000 0.900000
Au 0.500000 0.000000 0.100000
Au 0.500000 0.000000 0.300000
Au 0.500000 0.000000 0.500000
Au 0.500000 0.000000 0.700000
Au 0.500000 0.000000 0.900000
Au 0.500000 0.200000 0.100000
Au 0.500000 0.200000 0.300000
Au 0.500000 0.200000 0.500000
Au 0.500000 0.200000 0.700000
Au 0.500000 0.200000 0.900000
Au 0.500000 0.400000 0.100000
Au 0.500000 0.400000 0.300000
Au 0.500000 0.400000 0.500000
Au 0.500000 0.400000 0.700000
Au 0.500000 0.400000 0.900000
Au 0.500000 0.600000 0.100000
Au 0.500000 0.600000 0.300000
Au 0.500000 0.600000 0.500000
Au 0.500000 0.600000 0.700000
Au 0.500000 0.600000 0.900000
Au 0.500000 0.800000 0.100000
Au 0.500000 0.800000 0.300000
Au 0.500000 0.800000 0.500000
Au 0.500000 0.800000 0.700000
Au 0.500000 0.800000 0.900000
Au 0.700000 0.000000 0.100000
Au 0.700000 0.000000 0.300000
Au 0.700000 0.000000 0.500000
Au 0.700000 0.000000 0.700000
Au 0.700000 0.000000 0.900000
Au 0.700000 0.200000 0.100000
Au 0.700000 0.200000 0.300000
Au 0.700000 0.200000 0.500000
Au 0.700000 0.200000 0.700000
Au 0.700000 0.200000 0.900000
Au 0.700000 0.400000 0.100000
Au 0.700000 0.400000 0.300000
Au 0.700000 0.400000 0.500000
Au 0.700000 0.400000 0.700000
Au 0.700000 0.400000 0.900000
Au 0.700000 0.600000 0.100000
Au 0.700000 0.600000 0.300000
Au 0.700000 0.600000 0.500000
Au 0.700000 0.600000 0.700000
Au 0.700000 0.600000 0.900000
Au 0.700000 0.800000 0.100000
Au 0.700000 0.800000 0.300000
Au 0.700000 0.800000 0.500000
Au 0.700000 0.800000 0.700000
Au 0.700000 0.800000 0.900000
Au 0.900000 0.000000 0.100000
Au 0.900000 0.000000 0.300000
Au 0.900000 0.000000 0.500000
Au 0.900000 0.000000 0.700000
Au 0.900000 0.000000 0.900000
Au 0.900000 0.200000 0.100000
Au 0.900000 0.200000 0.300000
Au 0.900000 0.200000 0.500000
Au 0.900000 0.200000 0.700000
Au 0.900000 0.200000 0.900000
Au 0.900000 0.400000 0.100000
Au 0.900000 0.400000 0.300000
Au 0.900000 0.400000 0.500000
Au 0.900000 0.400000 0.700000
Au 0.900000 0.400000 0.900000
Au 0.900000 0.600000 0.100000
Au 0.900000 0.600000 0.300000
Au 0.900000 0.600000 0.500000
Au 0.900000 0.600000 0.700000
Au 0.900000 0.600000 0.900000
Au 0.900000 0.800000 0.100000
Au 0.900000 0.800000 0.300000
Au 0.900000 0.800000 0.500000
Au 0.900000 0.800000 0.700000
Au 0.900000 0.800000 0.900000
Au 0.100000 0.100000 0.000000
Au 0.100000 0.100000 0.200000
Au 0.100000 0.100000 0.400000
Au 0.100000 0.100000 0.600000
Au 0.100000 0.100000 0.800000
Au 0.100000 0.300000 0.000000
Au 0.100000 0.300000 0.200000
Au 0.100000 0.300000 0.400000
Au 0.100000 0.300000 0.600000
Au 0.100000 0.300000 0.800000
Au 0.100000 0.500000 0.000000
Au 0.100000 0.500000 0.200000
Au 0.100000 0.500000 0.400000
Au 0.100000 0.500000 0.600000
Au 0.100000 0.500000 0.800000
Au 0.100000 0.700000 0.000000
Au 0.100000 0.700000 0.200000
Au 0.100000 0.700000 0.400000
Au 0.100000 0.700000 0.600000
Au 0.100000 0.700000 0.800000
Au 0.100000 0.900000 0.000000
Au 0.100000 0.900000 0.200000
Au 0.100000 0.900000 0.400000
Au 0.100000 0.900000 0.600000
Au 0.100000 0.900000 0.800000
Au 0.300000 0.100000 0.000000
Au 0.300000 0.100000 0.200000
Au 0.300000 0.100000 0.400000
Au 0.300000 0.100000 0.600000
Au 0.300000 0.100000 0.800000
Au 0.300000 0.300000 0.000000
Au 0.300000 0.300000 0.200000
Au 0.300000 0.300000 0.400000
Au 0.300000 0.300000 0.600000
Au 0.300000 0.300000 0.800000
Au 0.300000 0.500000 0.000000
Au 0.300000 0.500000 0.200000
Au 0.300000 0.500000 0.400000
Au 0.300000 0.500000 0.600000
Au 0.300000 0.500000 0.800000
Au 0.300000 0.700000 0.000000
Au 0.300000 0.700000 0.200000
Au 0.300000 0.700000 0.400000
Au 0.300000 0.700000 0.600000
Au 0.300000 0.700000 0.800000
Au 0.300000 0.900000 0.000000
Au 0.300000 0.900000 0.200000
Au 0.300000 0.900000 0.400000
Au 0.300000 0.900000 0.600000
Au 0.300000 0.900000 0.800000
Au 0.500000 0.100000 0.000000
Au 0.500000 0.100000 0.200000
Au 0.500000 0.100000 0.400000
Au 0.500000 0.100000 0.600000
Au 0.500000 0.100000 0.800000
Au 0.500000 0.300000 0.000000
Au 0.500000 0.300000 0.200000
Au 0.500000 0.300000 0.400000
Au 0.500000 0.300000 0.600000
Au 0.500000 0.300000 0.800000
Au 0.500000 0.500000 0.000000
Au 0.500000 0.500000 0.200000
Au 0.500000 0.500000 0.400000
Au 0.500000 0.500000 0.600000
Au 0.500000 0.500000 0.800000
Au 0.500000 0.700000 0.000000
Au 0.500000 0.700000 0.200000
Au 0.500000 0.700000 0.400000
Au 0.500000 0.700000 0.600000
Au 0.500000 0.700000 0.800000
Au 0.500000 0.900000 0.000000
Au 0.500000 0.900000 0.200000
Au 0.500000 0.900000 0.400000
Au 0.500000 0.900000 0.600000
Au 0.500000 0.900000 0.800000
Au 0.700000 0.100000 0.000000
Au 0.700000 0.100000 0.200000
Au 0.700000 0.100000 0.400000
Au 0.700000 0.100000 0.600000
Au 0.700000 0.100000 0.800000
Au 0.700000 0.300000 0.000000
Au 0.700000 0.300000 0.200000
Au 0.700000 0.300000 0.400000
Au 0.700000 0.300000 0.600000
Au 0.700000 0.300000 0.800000
Au 0.700000 0.500000 0.000000
Au 0.700000 0.500000 0.200000
Au 0.700000 0.500000 0.400000
Au 0.700000 0.500000 0.600000
Au 0.700000 0.500000 0.800000
Au 0.700000 0.700000 0.000000
Au 0.700000 0.700000 0.200000
Au 0.700000 0.700000 0.400000
Au 0.700000 0.700000 0.600000
Au 0.700000 0.700000 0.800000
Au 0.700000 0.900000 0.000000
Au 0.700000 0.900000 0.200000
Au 0.700000 0.900000 0.400000
Au 0.700000 0.900000 0.600000
Au 0.700000 0.900000 0.800000
Au 0.900000 0.100000 0.000000
Au 0.900000 0.100000 0.200000
Au 0.900000 0.100000 0.400000
Au 0.900000 0.100000 0.600000
Au 0.900000 0.100000 0.800000
Au 0.900000 0.300000 0.000000
Au 0.900000 0.300000 0.200000
Au 0.900000 0.300000 0.400000
Au 0.900000 0.300000 0.600000
Au 0.900000 0.300000 0.800000
Au 0.900000 0.500000 0.000000
Au 0.900000 0.500000 0.200000
Au 0.900000 0.500000 0.400000
Au 0.900000 0.500000 0.600000
Au 0.900000 0.500000 0.800000
Au 0.900000 0.700000 0.000000
Au 0.900000 0.700000 0.200000
Au 0.900000 0.700000 0.400000
Au 0.900000 0.700000 0.600000
Au 0.900000 0.700000 0.800000
Au 0.900000 0.900000 0.000000
Au 0.900000 0.900000 0.200000
Au 0.900000 0.900000 0.400000
Au 0.900000 0.900000 0.600000
Au 0.900000 0.900000 0.800000
library suttonchen

dump au_eam_5.grs


