single dist comp conp

cell
8.154000 8.154000 8.154000 90.000000 90.000000 90.000000
fractional
Au 0.000000 0.000000 0.000000
Au 0.000000 0.000000 0.500000
Au 0.000000 0.500000 0.000000
Au 0.000000 0.500000 0.500000
Au 0.500000 0.000000 0.000000
Au 0.500000 0.000000 0.500000
Au 0.500000 0.500000 0.000000
Au 0.500000 0.500000 0.500000
Au 0.000000 0.250000 0.250000
Au 0.000000 0.250000 0.750000
Au 0.000000 0.750000 0.250000
Au 0.000000 0.750000 0.750000
Au 0.500000 0.250000 0.250000
Au 0.500000 0.250000 0.750000
Au 0.500000 0.750000 0.250000
Au 0.500000 0.750000 0.750000
Au 0.250000 0.000000 0.750000
Au 0.250000 0.500000 0.250000
Au 0.250000 0.500000 0.750000
Au 0.750000 0.000000 0.250000
Au 0.750000 0.000000 0.750000
Au 0.750000 0.500000 0.250000
Au 0.750000 0.500000 0.750000
Au 0.250000 0.250000 0.000000
Au 0.250000 0.250000 0.500000
Au 0.250000 0.750000 0.000000
Au 0.250000 0.750000 0.500000
Au 0.750000 0.250000 0.000000
Au 0.750000 0.250000 0.500000
Au 0.750000 0.750000 0.000000
Au 0.750000 0.750000 0.500000
library suttonchen

dump au_eam_2.grs


