single dist comp conp

cell
32.616000 32.616000 32.616000 90.000000 90.000000 90.000000
fractional
Au 0.000000 0.000000 0.000000
Au 0.000000 0.000000 0.125000
Au 0.000000 0.000000 0.250000
Au 0.000000 0.000000 0.375000
Au 0.000000 0.000000 0.500000
Au 0.000000 0.000000 0.625000
Au 0.000000 0.000000 0.750000
Au 0.000000 0.000000 0.875000
Au 0.000000 0.125000 0.000000
Au 0.000000 0.125000 0.125000
Au 0.000000 0.125000 0.250000
Au 0.000000 0.125000 0.375000
Au 0.000000 0.125000 0.500000
Au 0.000000 0.125000 0.625000
Au 0.000000 0.125000 0.750000
Au 0.000000 0.125000 0.875000
Au 0.000000 0.250000 0.000000
Au 0.000000 0.250000 0.125000
Au 0.000000 0.250000 0.250000
Au 0.000000 0.250000 0.375000
Au 0.000000 0.250000 0.500000
Au 0.000000 0.250000 0.625000
Au 0.000000 0.250000 0.750000
Au 0.000000 0.250000 0.875000
Au 0.000000 0.375000 0.000000
Au 0.000000 0.375000 0.125000
Au 0.000000 0.375000 0.250000
Au 0.000000 0.375000 0.375000
Au 0.000000 0.375000 0.500000
Au 0.000000 0.375000 0.625000
Au 0.000000 0.375000 0.750000
Au 0.000000 0.375000 0.875000
Au 0.000000 0.500000 0.000000
Au 0.000000 0.500000 0.125000
Au 0.000000 0.500000 0.250000
Au 0.000000 0.500000 0.375000
Au 0.000000 0.500000 0.500000
Au 0.000000 0.500000 0.625000
Au 0.000000 0.500000 0.750000
Au 0.000000 0.500000 0.875000
Au 0.000000 0.625000 0.000000
Au 0.000000 0.625000 0.125000
Au 0.000000 0.625000 0.250000
Au 0.000000 0.625000 0.375000
Au 0.000000 0.625000 0.500000
Au 0.000000 0.625000 0.625000
Au 0.000000 0.625000 0.750000
Au 0.000000 0.625000 0.875000
Au 0.000000 0.750000 0.000000
Au 0.000000 0.750000 0.125000
Au 0.000000 0.750000 0.250000
Au 0.000000 0.750000 0.375000
Au 0.000000 0.750000 0.500000
Au 0.000000 0.750000 0.625000
Au 0.000000 0.750000 0.750000
Au 0.000000 0.750000 0.875000
Au 0.000000 0.875000 0.000000
Au 0.000000 0.875000 0.125000
Au 0.000000 0.875000 0.250000
Au 0.000000 0.875000 0.375000
Au 0.000000 0.875000 0.500000
Au 0.000000 0.875000 0.625000
Au 0.000000 0.875000 0.750000
Au 0.000000 0.875000 0.875000
Au 0.125000 0.000000 0.000000
Au 0.125000 0.000000 0.125000
Au 0.125000 0.000000 0.250000
Au 0.125000 0.000000 0.375000
Au 0.125000 0.000000 0.500000
Au 0.125000 0.000000 0.625000
Au 0.125000 0.000000 0.750000
Au 0.125000 0.000000 0.875000
Au 0.125000 0.125000 0.000000
Au 0.125000 0.125000 0.125000
Au 0.125000 0.125000 0.250000
Au 0.125000 0.125000 0.375000
Au 0.125000 0.125000 0.500000
Au 0.125000 0.125000 0.625000
Au 0.125000 0.125000 0.750000
Au 0.125000 0.125000 0.875000
Au 0.125000 0.250000 0.000000
Au 0.125000 0.250000 0.125000
Au 0.125000 0.250000 0.250000
Au 0.125000 0.250000 0.375000
Au 0.125000 0.250000 0.500000
Au 0.125000 0.250000 0.625000
Au 0.125000 0.250000 0.750000
Au 0.125000 0.250000 0.875000
Au 0.125000 0.375000 0.000000
Au 0.125000 0.375000 0.125000
Au 0.125000 0.375000 0.250000
Au 0.125000 0.375000 0.375000
Au 0.125000 0.375000 0.500000
Au 0.125000 0.375000 0.625000
Au 0.125000 0.375000 0.750000
Au 0.125000 0.375000 0.875000
Au 0.125000 0.500000 0.000000
Au 0.125000 0.500000 0.125000
Au 0.125000 0.500000 0.250000
Au 0.125000 0.500000 0.375000
Au 0.125000 0.500000 0.500000
Au 0.125000 0.500000 0.625000
Au 0.125000 0.500000 0.750000
Au 0.125000 0.500000 0.875000
Au 0.125000 0.625000 0.000000
Au 0.125000 0.625000 0.125000
Au 0.125000 0.625000 0.250000
Au 0.125000 0.625000 0.375000
Au 0.125000 0.625000 0.500000
Au 0.125000 0.625000 0.625000
Au 0.125000 0.625000 0.750000
Au 0.125000 0.625000 0.875000
Au 0.125000 0.750000 0.000000
Au 0.125000 0.750000 0.125000
Au 0.125000 0.750000 0.250000
Au 0.125000 0.750000 0.375000
Au 0.125000 0.750000 0.500000
Au 0.125000 0.750000 0.625000
Au 0.125000 0.750000 0.750000
Au 0.125000 0.750000 0.875000
Au 0.125000 0.875000 0.000000
Au 0.125000 0.875000 0.125000
Au 0.125000 0.875000 0.250000
Au 0.125000 0.875000 0.375000
Au 0.125000 0.875000 0.500000
Au 0.125000 0.875000 0.625000
Au 0.125000 0.875000 0.750000
Au 0.125000 0.875000 0.875000
Au 0.250000 0.000000 0.000000
Au 0.250000 0.000000 0.125000
Au 0.250000 0.000000 0.250000
Au 0.250000 0.000000 0.375000
Au 0.250000 0.000000 0.500000
Au 0.250000 0.000000 0.625000
Au 0.250000 0.000000 0.750000
Au 0.250000 0.000000 0.875000
Au 0.250000 0.125000 0.000000
Au 0.250000 0.125000 0.125000
Au 0.250000 0.125000 0.250000
Au 0.250000 0.125000 0.375000
Au 0.250000 0.125000 0.500000
Au 0.250000 0.125000 0.625000
Au 0.250000 0.125000 0.750000
Au 0.250000 0.125000 0.875000
Au 0.250000 0.250000 0.000000
Au 0.250000 0.250000 0.125000
Au 0.250000 0.250000 0.250000
Au 0.250000 0.250000 0.375000
Au 0.250000 0.250000 0.500000
Au 0.250000 0.250000 0.625000
Au 0.250000 0.250000 0.750000
Au 0.250000 0.250000 0.875000
Au 0.250000 0.375000 0.000000
Au 0.250000 0.375000 0.125000
Au 0.250000 0.375000 0.250000
Au 0.250000 0.375000 0.375000
Au 0.250000 0.375000 0.500000
Au 0.250000 0.375000 0.625000
Au 0.250000 0.375000 0.750000
Au 0.250000 0.375000 0.875000
Au 0.250000 0.500000 0.000000
Au 0.250000 0.500000 0.125000
Au 0.250000 0.500000 0.250000
Au 0.250000 0.500000 0.375000
Au 0.250000 0.500000 0.500000
Au 0.250000 0.500000 0.625000
Au 0.250000 0.500000 0.750000
Au 0.250000 0.500000 0.875000
Au 0.250000 0.625000 0.000000
Au 0.250000 0.625000 0.125000
Au 0.250000 0.625000 0.250000
Au 0.250000 0.625000 0.375000
Au 0.250000 0.625000 0.500000
Au 0.250000 0.625000 0.625000
Au 0.250000 0.625000 0.750000
Au 0.250000 0.625000 0.875000
Au 0.250000 0.750000 0.000000
Au 0.250000 0.750000 0.125000
Au 0.250000 0.750000 0.250000
Au 0.250000 0.750000 0.375000
Au 0.250000 0.750000 0.500000
Au 0.250000 0.750000 0.625000
Au 0.250000 0.750000 0.750000
Au 0.250000 0.750000 0.875000
Au 0.250000 0.875000 0.000000
Au 0.250000 0.875000 0.125000
Au 0.250000 0.875000 0.250000
Au 0.250000 0.875000 0.375000
Au 0.250000 0.875000 0.500000
Au 0.250000 0.875000 0.625000
Au 0.250000 0.875000 0.750000
Au 0.250000 0.875000 0.875000
Au 0.375000 0.000000 0.000000
Au 0.375000 0.000000 0.125000
Au 0.375000 0.000000 0.250000
Au 0.375000 0.000000 0.375000
Au 0.375000 0.000000 0.500000
Au 0.375000 0.000000 0.625000
Au 0.375000 0.000000 0.750000
Au 0.375000 0.000000 0.875000
Au 0.375000 0.125000 0.000000
Au 0.375000 0.125000 0.125000
Au 0.375000 0.125000 0.250000
Au 0.375000 0.125000 0.375000
Au 0.375000 0.125000 0.500000
Au 0.375000 0.125000 0.625000
Au 0.375000 0.125000 0.750000
Au 0.375000 0.125000 0.875000
Au 0.375000 0.250000 0.000000
Au 0.375000 0.250000 0.125000
Au 0.375000 0.250000 0.250000
Au 0.375000 0.250000 0.375000
Au 0.375000 0.250000 0.500000
Au 0.375000 0.250000 0.625000
Au 0.375000 0.250000 0.750000
Au 0.375000 0.250000 0.875000
Au 0.375000 0.375000 0.000000
Au 0.375000 0.375000 0.125000
Au 0.375000 0.375000 0.250000
Au 0.375000 0.375000 0.375000
Au 0.375000 0.375000 0.500000
Au 0.375000 0.375000 0.625000
Au 0.375000 0.375000 0.750000
Au 0.375000 0.375000 0.875000
Au 0.375000 0.500000 0.000000
Au 0.375000 0.500000 0.125000
Au 0.375000 0.500000 0.250000
Au 0.375000 0.500000 0.375000
Au 0.375000 0.500000 0.500000
Au 0.375000 0.500000 0.625000
Au 0.375000 0.500000 0.750000
Au 0.375000 0.500000 0.875000
Au 0.375000 0.625000 0.000000
Au 0.375000 0.625000 0.125000
Au 0.375000 0.625000 0.250000
Au 0.375000 0.625000 0.375000
Au 0.375000 0.625000 0.500000
Au 0.375000 0.625000 0.625000
Au 0.375000 0.625000 0.750000
Au 0.375000 0.625000 0.875000
Au 0.375000 0.750000 0.000000
Au 0.375000 0.750000 0.125000
Au 0.375000 0.750000 0.250000
Au 0.375000 0.750000 0.375000
Au 0.375000 0.750000 0.500000
Au 0.375000 0.750000 0.625000
Au 0.375000 0.750000 0.750000
Au 0.375000 0.750000 0.875000
Au 0.375000 0.875000 0.000000
Au 0.375000 0.875000 0.125000
Au 0.375000 0.875000 0.250000
Au 0.375000 0.875000 0.375000
Au 0.375000 0.875000 0.500000
Au 0.375000 0.875000 0.625000
Au 0.375000 0.875000 0.750000
Au 0.375000 0.875000 0.875000
Au 0.500000 0.000000 0.000000
Au 0.500000 0.000000 0.125000
Au 0.500000 0.000000 0.250000
Au 0.500000 0.000000 0.375000
Au 0.500000 0.000000 0.500000
Au 0.500000 0.000000 0.625000
Au 0.500000 0.000000 0.750000
Au 0.500000 0.000000 0.875000
Au 0.500000 0.125000 0.000000
Au 0.500000 0.125000 0.125000
Au 0.500000 0.125000 0.250000
Au 0.500000 0.125000 0.375000
Au 0.500000 0.125000 0.500000
Au 0.500000 0.125000 0.625000
Au 0.500000 0.125000 0.750000
Au 0.500000 0.125000 0.875000
Au 0.500000 0.250000 0.000000
Au 0.500000 0.250000 0.125000
Au 0.500000 0.250000 0.250000
Au 0.500000 0.250000 0.375000
Au 0.500000 0.250000 0.500000
Au 0.500000 0.250000 0.625000
Au 0.500000 0.250000 0.750000
Au 0.500000 0.250000 0.875000
Au 0.500000 0.375000 0.000000
Au 0.500000 0.375000 0.125000
Au 0.500000 0.375000 0.250000
Au 0.500000 0.375000 0.375000
Au 0.500000 0.375000 0.500000
Au 0.500000 0.375000 0.625000
Au 0.500000 0.375000 0.750000
Au 0.500000 0.375000 0.875000
Au 0.500000 0.500000 0.000000
Au 0.500000 0.500000 0.125000
Au 0.500000 0.500000 0.250000
Au 0.500000 0.500000 0.375000
Au 0.500000 0.500000 0.500000
Au 0.500000 0.500000 0.625000
Au 0.500000 0.500000 0.750000
Au 0.500000 0.500000 0.875000
Au 0.500000 0.625000 0.000000
Au 0.500000 0.625000 0.125000
Au 0.500000 0.625000 0.250000
Au 0.500000 0.625000 0.375000
Au 0.500000 0.625000 0.500000
Au 0.500000 0.625000 0.625000
Au 0.500000 0.625000 0.750000
Au 0.500000 0.625000 0.875000
Au 0.500000 0.750000 0.000000
Au 0.500000 0.750000 0.125000
Au 0.500000 0.750000 0.250000
Au 0.500000 0.750000 0.375000
Au 0.500000 0.750000 0.500000
Au 0.500000 0.750000 0.625000
Au 0.500000 0.750000 0.750000
Au 0.500000 0.750000 0.875000
Au 0.500000 0.875000 0.000000
Au 0.500000 0.875000 0.125000
Au 0.500000 0.875000 0.250000
Au 0.500000 0.875000 0.375000
Au 0.500000 0.875000 0.500000
Au 0.500000 0.875000 0.625000
Au 0.500000 0.875000 0.750000
Au 0.500000 0.875000 0.875000
Au 0.625000 0.000000 0.000000
Au 0.625000 0.000000 0.125000
Au 0.625000 0.000000 0.250000
Au 0.625000 0.000000 0.375000
Au 0.625000 0.000000 0.500000
Au 0.625000 0.000000 0.625000
Au 0.625000 0.000000 0.750000
Au 0.625000 0.000000 0.875000
Au 0.625000 0.125000 0.000000
Au 0.625000 0.125000 0.125000
Au 0.625000 0.125000 0.250000
Au 0.625000 0.125000 0.375000
Au 0.625000 0.125000 0.500000
Au 0.625000 0.125000 0.625000
Au 0.625000 0.125000 0.750000
Au 0.625000 0.125000 0.875000
Au 0.625000 0.250000 0.000000
Au 0.625000 0.250000 0.125000
Au 0.625000 0.250000 0.250000
Au 0.625000 0.250000 0.375000
Au 0.625000 0.250000 0.500000
Au 0.625000 0.250000 0.625000
Au 0.625000 0.250000 0.750000
Au 0.625000 0.250000 0.875000
Au 0.625000 0.375000 0.000000
Au 0.625000 0.375000 0.125000
Au 0.625000 0.375000 0.250000
Au 0.625000 0.375000 0.375000
Au 0.625000 0.375000 0.500000
Au 0.625000 0.375000 0.625000
Au 0.625000 0.375000 0.750000
Au 0.625000 0.375000 0.875000
Au 0.625000 0.500000 0.000000
Au 0.625000 0.500000 0.125000
Au 0.625000 0.500000 0.250000
Au 0.625000 0.500000 0.375000
Au 0.625000 0.500000 0.500000
Au 0.625000 0.500000 0.625000
Au 0.625000 0.500000 0.750000
Au 0.625000 0.500000 0.875000
Au 0.625000 0.625000 0.000000
Au 0.625000 0.625000 0.125000
Au 0.625000 0.625000 0.250000
Au 0.625000 0.625000 0.375000
Au 0.625000 0.625000 0.500000
Au 0.625000 0.625000 0.625000
Au 0.625000 0.625000 0.750000
Au 0.625000 0.625000 0.875000
Au 0.625000 0.750000 0.000000
Au 0.625000 0.750000 0.125000
Au 0.625000 0.750000 0.250000
Au 0.625000 0.750000 0.375000
Au 0.625000 0.750000 0.500000
Au 0.625000 0.750000 0.625000
Au 0.625000 0.750000 0.750000
Au 0.625000 0.750000 0.875000
Au 0.625000 0.875000 0.000000
Au 0.625000 0.875000 0.125000
Au 0.625000 0.875000 0.250000
Au 0.625000 0.875000 0.375000
Au 0.625000 0.875000 0.500000
Au 0.625000 0.875000 0.625000
Au 0.625000 0.875000 0.750000
Au 0.625000 0.875000 0.875000
Au 0.750000 0.000000 0.000000
Au 0.750000 0.000000 0.125000
Au 0.750000 0.000000 0.250000
Au 0.750000 0.000000 0.375000
Au 0.750000 0.000000 0.500000
Au 0.750000 0.000000 0.625000
Au 0.750000 0.000000 0.750000
Au 0.750000 0.000000 0.875000
Au 0.750000 0.125000 0.000000
Au 0.750000 0.125000 0.125000
Au 0.750000 0.125000 0.250000
Au 0.750000 0.125000 0.375000
Au 0.750000 0.125000 0.500000
Au 0.750000 0.125000 0.625000
Au 0.750000 0.125000 0.750000
Au 0.750000 0.125000 0.875000
Au 0.750000 0.250000 0.000000
Au 0.750000 0.250000 0.125000
Au 0.750000 0.250000 0.250000
Au 0.750000 0.250000 0.375000
Au 0.750000 0.250000 0.500000
Au 0.750000 0.250000 0.625000
Au 0.750000 0.250000 0.750000
Au 0.750000 0.250000 0.875000
Au 0.750000 0.375000 0.000000
Au 0.750000 0.375000 0.125000
Au 0.750000 0.375000 0.250000
Au 0.750000 0.375000 0.375000
Au 0.750000 0.375000 0.500000
Au 0.750000 0.375000 0.625000
Au 0.750000 0.375000 0.750000
Au 0.750000 0.375000 0.875000
Au 0.750000 0.500000 0.000000
Au 0.750000 0.500000 0.125000
Au 0.750000 0.500000 0.250000
Au 0.750000 0.500000 0.375000
Au 0.750000 0.500000 0.500000
Au 0.750000 0.500000 0.625000
Au 0.750000 0.500000 0.750000
Au 0.750000 0.500000 0.875000
Au 0.750000 0.625000 0.000000
Au 0.750000 0.625000 0.125000
Au 0.750000 0.625000 0.250000
Au 0.750000 0.625000 0.375000
Au 0.750000 0.625000 0.500000
Au 0.750000 0.625000 0.625000
Au 0.750000 0.625000 0.750000
Au 0.750000 0.625000 0.875000
Au 0.750000 0.750000 0.000000
Au 0.750000 0.750000 0.125000
Au 0.750000 0.750000 0.250000
Au 0.750000 0.750000 0.375000
Au 0.750000 0.750000 0.500000
Au 0.750000 0.750000 0.625000
Au 0.750000 0.750000 0.750000
Au 0.750000 0.750000 0.875000
Au 0.750000 0.875000 0.000000
Au 0.750000 0.875000 0.125000
Au 0.750000 0.875000 0.250000
Au 0.750000 0.875000 0.375000
Au 0.750000 0.875000 0.500000
Au 0.750000 0.875000 0.625000
Au 0.750000 0.875000 0.750000
Au 0.750000 0.875000 0.875000
Au 0.875000 0.000000 0.000000
Au 0.875000 0.000000 0.125000
Au 0.875000 0.000000 0.250000
Au 0.875000 0.000000 0.375000
Au 0.875000 0.000000 0.500000
Au 0.875000 0.000000 0.625000
Au 0.875000 0.000000 0.750000
Au 0.875000 0.000000 0.875000
Au 0.875000 0.125000 0.000000
Au 0.875000 0.125000 0.125000
Au 0.875000 0.125000 0.250000
Au 0.875000 0.125000 0.375000
Au 0.875000 0.125000 0.500000
Au 0.875000 0.125000 0.625000
Au 0.875000 0.125000 0.750000
Au 0.875000 0.125000 0.875000
Au 0.875000 0.250000 0.000000
Au 0.875000 0.250000 0.125000
Au 0.875000 0.250000 0.250000
Au 0.875000 0.250000 0.375000
Au 0.875000 0.250000 0.500000
Au 0.875000 0.250000 0.625000
Au 0.875000 0.250000 0.750000
Au 0.875000 0.250000 0.875000
Au 0.875000 0.375000 0.000000
Au 0.875000 0.375000 0.125000
Au 0.875000 0.375000 0.250000
Au 0.875000 0.375000 0.375000
Au 0.875000 0.375000 0.500000
Au 0.875000 0.375000 0.625000
Au 0.875000 0.375000 0.750000
Au 0.875000 0.375000 0.875000
Au 0.875000 0.500000 0.000000
Au 0.875000 0.500000 0.125000
Au 0.875000 0.500000 0.250000
Au 0.875000 0.500000 0.375000
Au 0.875000 0.500000 0.500000
Au 0.875000 0.500000 0.625000
Au 0.875000 0.500000 0.750000
Au 0.875000 0.500000 0.875000
Au 0.875000 0.625000 0.000000
Au 0.875000 0.625000 0.125000
Au 0.875000 0.625000 0.250000
Au 0.875000 0.625000 0.375000
Au 0.875000 0.625000 0.500000
Au 0.875000 0.625000 0.625000
Au 0.875000 0.625000 0.750000
Au 0.875000 0.625000 0.875000
Au 0.875000 0.750000 0.000000
Au 0.875000 0.750000 0.125000
Au 0.875000 0.750000 0.250000
Au 0.875000 0.750000 0.375000
Au 0.875000 0.750000 0.500000
Au 0.875000 0.750000 0.625000
Au 0.875000 0.750000 0.750000
Au 0.875000 0.750000 0.875000
Au 0.875000 0.875000 0.000000
Au 0.875000 0.875000 0.125000
Au 0.875000 0.875000 0.250000
Au 0.875000 0.875000 0.375000
Au 0.875000 0.875000 0.500000
Au 0.875000 0.875000 0.625000
Au 0.875000 0.875000 0.750000
Au 0.875000 0.875000 0.875000
Au 0.000000 0.062500 0.062500
Au 0.000000 0.062500 0.187500
Au 0.000000 0.062500 0.312500
Au 0.000000 0.062500 0.437500
Au 0.000000 0.062500 0.562500
Au 0.000000 0.062500 0.687500
Au 0.000000 0.062500 0.812500
Au 0.000000 0.062500 0.937500
Au 0.000000 0.187500 0.062500
Au 0.000000 0.187500 0.187500
Au 0.000000 0.187500 0.312500
Au 0.000000 0.187500 0.437500
Au 0.000000 0.187500 0.562500
Au 0.000000 0.187500 0.687500
Au 0.000000 0.187500 0.812500
Au 0.000000 0.187500 0.937500
Au 0.000000 0.312500 0.062500
Au 0.000000 0.312500 0.187500
Au 0.000000 0.312500 0.312500
Au 0.000000 0.312500 0.437500
Au 0.000000 0.312500 0.562500
Au 0.000000 0.312500 0.687500
Au 0.000000 0.312500 0.812500
Au 0.000000 0.312500 0.937500
Au 0.000000 0.437500 0.062500
Au 0.000000 0.437500 0.187500
Au 0.000000 0.437500 0.312500
Au 0.000000 0.437500 0.437500
Au 0.000000 0.437500 0.562500
Au 0.000000 0.437500 0.687500
Au 0.000000 0.437500 0.812500
Au 0.000000 0.437500 0.937500
Au 0.000000 0.562500 0.062500
Au 0.000000 0.562500 0.187500
Au 0.000000 0.562500 0.312500
Au 0.000000 0.562500 0.437500
Au 0.000000 0.562500 0.562500
Au 0.000000 0.562500 0.687500
Au 0.000000 0.562500 0.812500
Au 0.000000 0.562500 0.937500
Au 0.000000 0.687500 0.062500
Au 0.000000 0.687500 0.187500
Au 0.000000 0.687500 0.312500
Au 0.000000 0.687500 0.437500
Au 0.000000 0.687500 0.562500
Au 0.000000 0.687500 0.687500
Au 0.000000 0.687500 0.812500
Au 0.000000 0.687500 0.937500
Au 0.000000 0.812500 0.062500
Au 0.000000 0.812500 0.187500
Au 0.000000 0.812500 0.312500
Au 0.000000 0.812500 0.437500
Au 0.000000 0.812500 0.562500
Au 0.000000 0.812500 0.687500
Au 0.000000 0.812500 0.812500
Au 0.000000 0.812500 0.937500
Au 0.000000 0.937500 0.062500
Au 0.000000 0.937500 0.187500
Au 0.000000 0.937500 0.312500
Au 0.000000 0.937500 0.437500
Au 0.000000 0.937500 0.562500
Au 0.000000 0.937500 0.687500
Au 0.000000 0.937500 0.812500
Au 0.000000 0.937500 0.937500
Au 0.125000 0.062500 0.062500
Au 0.125000 0.062500 0.187500
Au 0.125000 0.062500 0.312500
Au 0.125000 0.062500 0.437500
Au 0.125000 0.062500 0.562500
Au 0.125000 0.062500 0.687500
Au 0.125000 0.062500 0.812500
Au 0.125000 0.062500 0.937500
Au 0.125000 0.187500 0.062500
Au 0.125000 0.187500 0.187500
Au 0.125000 0.187500 0.312500
Au 0.125000 0.187500 0.437500
Au 0.125000 0.187500 0.562500
Au 0.125000 0.187500 0.687500
Au 0.125000 0.187500 0.812500
Au 0.125000 0.187500 0.937500
Au 0.125000 0.312500 0.062500
Au 0.125000 0.312500 0.187500
Au 0.125000 0.312500 0.312500
Au 0.125000 0.312500 0.437500
Au 0.125000 0.312500 0.562500
Au 0.125000 0.312500 0.687500
Au 0.125000 0.312500 0.812500
Au 0.125000 0.312500 0.937500
Au 0.125000 0.437500 0.062500
Au 0.125000 0.437500 0.187500
Au 0.125000 0.437500 0.312500
Au 0.125000 0.437500 0.437500
Au 0.125000 0.437500 0.562500
Au 0.125000 0.437500 0.687500
Au 0.125000 0.437500 0.812500
Au 0.125000 0.437500 0.937500
Au 0.125000 0.562500 0.062500
Au 0.125000 0.562500 0.187500
Au 0.125000 0.562500 0.312500
Au 0.125000 0.562500 0.437500
Au 0.125000 0.562500 0.562500
Au 0.125000 0.562500 0.687500
Au 0.125000 0.562500 0.812500
Au 0.125000 0.562500 0.937500
Au 0.125000 0.687500 0.062500
Au 0.125000 0.687500 0.187500
Au 0.125000 0.687500 0.312500
Au 0.125000 0.687500 0.437500
Au 0.125000 0.687500 0.562500
Au 0.125000 0.687500 0.687500
Au 0.125000 0.687500 0.812500
Au 0.125000 0.687500 0.937500
Au 0.125000 0.812500 0.062500
Au 0.125000 0.812500 0.187500
Au 0.125000 0.812500 0.312500
Au 0.125000 0.812500 0.437500
Au 0.125000 0.812500 0.562500
Au 0.125000 0.812500 0.687500
Au 0.125000 0.812500 0.812500
Au 0.125000 0.812500 0.937500
Au 0.125000 0.937500 0.062500
Au 0.125000 0.937500 0.187500
Au 0.125000 0.937500 0.312500
Au 0.125000 0.937500 0.437500
Au 0.125000 0.937500 0.562500
Au 0.125000 0.937500 0.687500
Au 0.125000 0.937500 0.812500
Au 0.125000 0.937500 0.937500
Au 0.250000 0.062500 0.062500
Au 0.250000 0.062500 0.187500
Au 0.250000 0.062500 0.312500
Au 0.250000 0.062500 0.437500
Au 0.250000 0.062500 0.562500
Au 0.250000 0.062500 0.687500
Au 0.250000 0.062500 0.812500
Au 0.250000 0.062500 0.937500
Au 0.250000 0.187500 0.062500
Au 0.250000 0.187500 0.187500
Au 0.250000 0.187500 0.312500
Au 0.250000 0.187500 0.437500
Au 0.250000 0.187500 0.562500
Au 0.250000 0.187500 0.687500
Au 0.250000 0.187500 0.812500
Au 0.250000 0.187500 0.937500
Au 0.250000 0.312500 0.062500
Au 0.250000 0.312500 0.187500
Au 0.250000 0.312500 0.312500
Au 0.250000 0.312500 0.437500
Au 0.250000 0.312500 0.562500
Au 0.250000 0.312500 0.687500
Au 0.250000 0.312500 0.812500
Au 0.250000 0.312500 0.937500
Au 0.250000 0.437500 0.062500
Au 0.250000 0.437500 0.187500
Au 0.250000 0.437500 0.312500
Au 0.250000 0.437500 0.437500
Au 0.250000 0.437500 0.562500
Au 0.250000 0.437500 0.687500
Au 0.250000 0.437500 0.812500
Au 0.250000 0.437500 0.937500
Au 0.250000 0.562500 0.062500
Au 0.250000 0.562500 0.187500
Au 0.250000 0.562500 0.312500
Au 0.250000 0.562500 0.437500
Au 0.250000 0.562500 0.562500
Au 0.250000 0.562500 0.687500
Au 0.250000 0.562500 0.812500
Au 0.250000 0.562500 0.937500
Au 0.250000 0.687500 0.062500
Au 0.250000 0.687500 0.187500
Au 0.250000 0.687500 0.312500
Au 0.250000 0.687500 0.437500
Au 0.250000 0.687500 0.562500
Au 0.250000 0.687500 0.687500
Au 0.250000 0.687500 0.812500
Au 0.250000 0.687500 0.937500
Au 0.250000 0.812500 0.062500
Au 0.250000 0.812500 0.187500
Au 0.250000 0.812500 0.312500
Au 0.250000 0.812500 0.437500
Au 0.250000 0.812500 0.562500
Au 0.250000 0.812500 0.687500
Au 0.250000 0.812500 0.812500
Au 0.250000 0.812500 0.937500
Au 0.250000 0.937500 0.062500
Au 0.250000 0.937500 0.187500
Au 0.250000 0.937500 0.312500
Au 0.250000 0.937500 0.437500
Au 0.250000 0.937500 0.562500
Au 0.250000 0.937500 0.687500
Au 0.250000 0.937500 0.812500
Au 0.250000 0.937500 0.937500
Au 0.375000 0.062500 0.062500
Au 0.375000 0.062500 0.187500
Au 0.375000 0.062500 0.312500
Au 0.375000 0.062500 0.437500
Au 0.375000 0.062500 0.562500
Au 0.375000 0.062500 0.687500
Au 0.375000 0.062500 0.812500
Au 0.375000 0.062500 0.937500
Au 0.375000 0.187500 0.062500
Au 0.375000 0.187500 0.187500
Au 0.375000 0.187500 0.312500
Au 0.375000 0.187500 0.437500
Au 0.375000 0.187500 0.562500
Au 0.375000 0.187500 0.687500
Au 0.375000 0.187500 0.812500
Au 0.375000 0.187500 0.937500
Au 0.375000 0.312500 0.062500
Au 0.375000 0.312500 0.187500
Au 0.375000 0.312500 0.312500
Au 0.375000 0.312500 0.437500
Au 0.375000 0.312500 0.562500
Au 0.375000 0.312500 0.687500
Au 0.375000 0.312500 0.812500
Au 0.375000 0.312500 0.937500
Au 0.375000 0.437500 0.062500
Au 0.375000 0.437500 0.187500
Au 0.375000 0.437500 0.312500
Au 0.375000 0.437500 0.437500
Au 0.375000 0.437500 0.562500
Au 0.375000 0.437500 0.687500
Au 0.375000 0.437500 0.812500
Au 0.375000 0.437500 0.937500
Au 0.375000 0.562500 0.062500
Au 0.375000 0.562500 0.187500
Au 0.375000 0.562500 0.312500
Au 0.375000 0.562500 0.437500
Au 0.375000 0.562500 0.562500
Au 0.375000 0.562500 0.687500
Au 0.375000 0.562500 0.812500
Au 0.375000 0.562500 0.937500
Au 0.375000 0.687500 0.062500
Au 0.375000 0.687500 0.187500
Au 0.375000 0.687500 0.312500
Au 0.375000 0.687500 0.437500
Au 0.375000 0.687500 0.562500
Au 0.375000 0.687500 0.687500
Au 0.375000 0.687500 0.812500
Au 0.375000 0.687500 0.937500
Au 0.375000 0.812500 0.062500
Au 0.375000 0.812500 0.187500
Au 0.375000 0.812500 0.312500
Au 0.375000 0.812500 0.437500
Au 0.375000 0.812500 0.562500
Au 0.375000 0.812500 0.687500
Au 0.375000 0.812500 0.812500
Au 0.375000 0.812500 0.937500
Au 0.375000 0.937500 0.062500
Au 0.375000 0.937500 0.187500
Au 0.375000 0.937500 0.312500
Au 0.375000 0.937500 0.437500
Au 0.375000 0.937500 0.562500
Au 0.375000 0.937500 0.687500
Au 0.375000 0.937500 0.812500
Au 0.375000 0.937500 0.937500
Au 0.500000 0.062500 0.062500
Au 0.500000 0.062500 0.187500
Au 0.500000 0.062500 0.312500
Au 0.500000 0.062500 0.437500
Au 0.500000 0.062500 0.562500
Au 0.500000 0.062500 0.687500
Au 0.500000 0.062500 0.812500
Au 0.500000 0.062500 0.937500
Au 0.500000 0.187500 0.062500
Au 0.500000 0.187500 0.187500
Au 0.500000 0.187500 0.312500
Au 0.500000 0.187500 0.437500
Au 0.500000 0.187500 0.562500
Au 0.500000 0.187500 0.687500
Au 0.500000 0.187500 0.812500
Au 0.500000 0.187500 0.937500
Au 0.500000 0.312500 0.062500
Au 0.500000 0.312500 0.187500
Au 0.500000 0.312500 0.312500
Au 0.500000 0.312500 0.437500
Au 0.500000 0.312500 0.562500
Au 0.500000 0.312500 0.687500
Au 0.500000 0.312500 0.812500
Au 0.500000 0.312500 0.937500
Au 0.500000 0.437500 0.062500
Au 0.500000 0.437500 0.187500
Au 0.500000 0.437500 0.312500
Au 0.500000 0.437500 0.437500
Au 0.500000 0.437500 0.562500
Au 0.500000 0.437500 0.687500
Au 0.500000 0.437500 0.812500
Au 0.500000 0.437500 0.937500
Au 0.500000 0.562500 0.062500
Au 0.500000 0.562500 0.187500
Au 0.500000 0.562500 0.312500
Au 0.500000 0.562500 0.437500
Au 0.500000 0.562500 0.562500
Au 0.500000 0.562500 0.687500
Au 0.500000 0.562500 0.812500
Au 0.500000 0.562500 0.937500
Au 0.500000 0.687500 0.062500
Au 0.500000 0.687500 0.187500
Au 0.500000 0.687500 0.312500
Au 0.500000 0.687500 0.437500
Au 0.500000 0.687500 0.562500
Au 0.500000 0.687500 0.687500
Au 0.500000 0.687500 0.812500
Au 0.500000 0.687500 0.937500
Au 0.500000 0.812500 0.062500
Au 0.500000 0.812500 0.187500
Au 0.500000 0.812500 0.312500
Au 0.500000 0.812500 0.437500
Au 0.500000 0.812500 0.562500
Au 0.500000 0.812500 0.687500
Au 0.500000 0.812500 0.812500
Au 0.500000 0.812500 0.937500
Au 0.500000 0.937500 0.062500
Au 0.500000 0.937500 0.187500
Au 0.500000 0.937500 0.312500
Au 0.500000 0.937500 0.437500
Au 0.500000 0.937500 0.562500
Au 0.500000 0.937500 0.687500
Au 0.500000 0.937500 0.812500
Au 0.500000 0.937500 0.937500
Au 0.625000 0.062500 0.062500
Au 0.625000 0.062500 0.187500
Au 0.625000 0.062500 0.312500
Au 0.625000 0.062500 0.437500
Au 0.625000 0.062500 0.562500
Au 0.625000 0.062500 0.687500
Au 0.625000 0.062500 0.812500
Au 0.625000 0.062500 0.937500
Au 0.625000 0.187500 0.062500
Au 0.625000 0.187500 0.187500
Au 0.625000 0.187500 0.312500
Au 0.625000 0.187500 0.437500
Au 0.625000 0.187500 0.562500
Au 0.625000 0.187500 0.687500
Au 0.625000 0.187500 0.812500
Au 0.625000 0.187500 0.937500
Au 0.625000 0.312500 0.062500
Au 0.625000 0.312500 0.187500
Au 0.625000 0.312500 0.312500
Au 0.625000 0.312500 0.437500
Au 0.625000 0.312500 0.562500
Au 0.625000 0.312500 0.687500
Au 0.625000 0.312500 0.812500
Au 0.625000 0.312500 0.937500
Au 0.625000 0.437500 0.062500
Au 0.625000 0.437500 0.187500
Au 0.625000 0.437500 0.312500
Au 0.625000 0.437500 0.437500
Au 0.625000 0.437500 0.562500
Au 0.625000 0.437500 0.687500
Au 0.625000 0.437500 0.812500
Au 0.625000 0.437500 0.937500
Au 0.625000 0.562500 0.062500
Au 0.625000 0.562500 0.187500
Au 0.625000 0.562500 0.312500
Au 0.625000 0.562500 0.437500
Au 0.625000 0.562500 0.562500
Au 0.625000 0.562500 0.687500
Au 0.625000 0.562500 0.812500
Au 0.625000 0.562500 0.937500
Au 0.625000 0.687500 0.062500
Au 0.625000 0.687500 0.187500
Au 0.625000 0.687500 0.312500
Au 0.625000 0.687500 0.437500
Au 0.625000 0.687500 0.562500
Au 0.625000 0.687500 0.687500
Au 0.625000 0.687500 0.812500
Au 0.625000 0.687500 0.937500
Au 0.625000 0.812500 0.062500
Au 0.625000 0.812500 0.187500
Au 0.625000 0.812500 0.312500
Au 0.625000 0.812500 0.437500
Au 0.625000 0.812500 0.562500
Au 0.625000 0.812500 0.687500
Au 0.625000 0.812500 0.812500
Au 0.625000 0.812500 0.937500
Au 0.625000 0.937500 0.062500
Au 0.625000 0.937500 0.187500
Au 0.625000 0.937500 0.312500
Au 0.625000 0.937500 0.437500
Au 0.625000 0.937500 0.562500
Au 0.625000 0.937500 0.687500
Au 0.625000 0.937500 0.812500
Au 0.625000 0.937500 0.937500
Au 0.750000 0.062500 0.062500
Au 0.750000 0.062500 0.187500
Au 0.750000 0.062500 0.312500
Au 0.750000 0.062500 0.437500
Au 0.750000 0.062500 0.562500
Au 0.750000 0.062500 0.687500
Au 0.750000 0.062500 0.812500
Au 0.750000 0.062500 0.937500
Au 0.750000 0.187500 0.062500
Au 0.750000 0.187500 0.187500
Au 0.750000 0.187500 0.312500
Au 0.750000 0.187500 0.437500
Au 0.750000 0.187500 0.562500
Au 0.750000 0.187500 0.687500
Au 0.750000 0.187500 0.812500
Au 0.750000 0.187500 0.937500
Au 0.750000 0.312500 0.062500
Au 0.750000 0.312500 0.187500
Au 0.750000 0.312500 0.312500
Au 0.750000 0.312500 0.437500
Au 0.750000 0.312500 0.562500
Au 0.750000 0.312500 0.687500
Au 0.750000 0.312500 0.812500
Au 0.750000 0.312500 0.937500
Au 0.750000 0.437500 0.062500
Au 0.750000 0.437500 0.187500
Au 0.750000 0.437500 0.312500
Au 0.750000 0.437500 0.437500
Au 0.750000 0.437500 0.562500
Au 0.750000 0.437500 0.687500
Au 0.750000 0.437500 0.812500
Au 0.750000 0.437500 0.937500
Au 0.750000 0.562500 0.062500
Au 0.750000 0.562500 0.187500
Au 0.750000 0.562500 0.312500
Au 0.750000 0.562500 0.437500
Au 0.750000 0.562500 0.562500
Au 0.750000 0.562500 0.687500
Au 0.750000 0.562500 0.812500
Au 0.750000 0.562500 0.937500
Au 0.750000 0.687500 0.062500
Au 0.750000 0.687500 0.187500
Au 0.750000 0.687500 0.312500
Au 0.750000 0.687500 0.437500
Au 0.750000 0.687500 0.562500
Au 0.750000 0.687500 0.687500
Au 0.750000 0.687500 0.812500
Au 0.750000 0.687500 0.937500
Au 0.750000 0.812500 0.062500
Au 0.750000 0.812500 0.187500
Au 0.750000 0.812500 0.312500
Au 0.750000 0.812500 0.437500
Au 0.750000 0.812500 0.562500
Au 0.750000 0.812500 0.687500
Au 0.750000 0.812500 0.812500
Au 0.750000 0.812500 0.937500
Au 0.750000 0.937500 0.062500
Au 0.750000 0.937500 0.187500
Au 0.750000 0.937500 0.312500
Au 0.750000 0.937500 0.437500
Au 0.750000 0.937500 0.562500
Au 0.750000 0.937500 0.687500
Au 0.750000 0.937500 0.812500
Au 0.750000 0.937500 0.937500
Au 0.875000 0.062500 0.062500
Au 0.875000 0.062500 0.187500
Au 0.875000 0.062500 0.312500
Au 0.875000 0.062500 0.437500
Au 0.875000 0.062500 0.562500
Au 0.875000 0.062500 0.687500
Au 0.875000 0.062500 0.812500
Au 0.875000 0.062500 0.937500
Au 0.875000 0.187500 0.062500
Au 0.875000 0.187500 0.187500
Au 0.875000 0.187500 0.312500
Au 0.875000 0.187500 0.437500
Au 0.875000 0.187500 0.562500
Au 0.875000 0.187500 0.687500
Au 0.875000 0.187500 0.812500
Au 0.875000 0.187500 0.937500
Au 0.875000 0.312500 0.062500
Au 0.875000 0.312500 0.187500
Au 0.875000 0.312500 0.312500
Au 0.875000 0.312500 0.437500
Au 0.875000 0.312500 0.562500
Au 0.875000 0.312500 0.687500
Au 0.875000 0.312500 0.812500
Au 0.875000 0.312500 0.937500
Au 0.875000 0.437500 0.062500
Au 0.875000 0.437500 0.187500
Au 0.875000 0.437500 0.312500
Au 0.875000 0.437500 0.437500
Au 0.875000 0.437500 0.562500
Au 0.875000 0.437500 0.687500
Au 0.875000 0.437500 0.812500
Au 0.875000 0.437500 0.937500
Au 0.875000 0.562500 0.062500
Au 0.875000 0.562500 0.187500
Au 0.875000 0.562500 0.312500
Au 0.875000 0.562500 0.437500
Au 0.875000 0.562500 0.562500
Au 0.875000 0.562500 0.687500
Au 0.875000 0.562500 0.812500
Au 0.875000 0.562500 0.937500
Au 0.875000 0.687500 0.062500
Au 0.875000 0.687500 0.187500
Au 0.875000 0.687500 0.312500
Au 0.875000 0.687500 0.437500
Au 0.875000 0.687500 0.562500
Au 0.875000 0.687500 0.687500
Au 0.875000 0.687500 0.812500
Au 0.875000 0.687500 0.937500
Au 0.875000 0.812500 0.062500
Au 0.875000 0.812500 0.187500
Au 0.875000 0.812500 0.312500
Au 0.875000 0.812500 0.437500
Au 0.875000 0.812500 0.562500
Au 0.875000 0.812500 0.687500
Au 0.875000 0.812500 0.812500
Au 0.875000 0.812500 0.937500
Au 0.875000 0.937500 0.062500
Au 0.875000 0.937500 0.187500
Au 0.875000 0.937500 0.312500
Au 0.875000 0.937500 0.437500
Au 0.875000 0.937500 0.562500
Au 0.875000 0.937500 0.687500
Au 0.875000 0.937500 0.812500
Au 0.875000 0.937500 0.937500
Au 0.062500 0.000000 0.062500
Au 0.062500 0.000000 0.187500
Au 0.062500 0.000000 0.312500
Au 0.062500 0.000000 0.437500
Au 0.062500 0.000000 0.562500
Au 0.062500 0.000000 0.687500
Au 0.062500 0.000000 0.812500
Au 0.062500 0.000000 0.937500
Au 0.062500 0.125000 0.062500
Au 0.062500 0.125000 0.187500
Au 0.062500 0.125000 0.312500
Au 0.062500 0.125000 0.437500
Au 0.062500 0.125000 0.562500
Au 0.062500 0.125000 0.687500
Au 0.062500 0.125000 0.812500
Au 0.062500 0.125000 0.937500
Au 0.062500 0.250000 0.062500
Au 0.062500 0.250000 0.187500
Au 0.062500 0.250000 0.312500
Au 0.062500 0.250000 0.437500
Au 0.062500 0.250000 0.562500
Au 0.062500 0.250000 0.687500
Au 0.062500 0.250000 0.812500
Au 0.062500 0.250000 0.937500
Au 0.062500 0.375000 0.062500
Au 0.062500 0.375000 0.187500
Au 0.062500 0.375000 0.312500
Au 0.062500 0.375000 0.437500
Au 0.062500 0.375000 0.562500
Au 0.062500 0.375000 0.687500
Au 0.062500 0.375000 0.812500
Au 0.062500 0.375000 0.937500
Au 0.062500 0.500000 0.062500
Au 0.062500 0.500000 0.187500
Au 0.062500 0.500000 0.312500
Au 0.062500 0.500000 0.437500
Au 0.062500 0.500000 0.562500
Au 0.062500 0.500000 0.687500
Au 0.062500 0.500000 0.812500
Au 0.062500 0.500000 0.937500
Au 0.062500 0.625000 0.062500
Au 0.062500 0.625000 0.187500
Au 0.062500 0.625000 0.312500
Au 0.062500 0.625000 0.437500
Au 0.062500 0.625000 0.562500
Au 0.062500 0.625000 0.687500
Au 0.062500 0.625000 0.812500
Au 0.062500 0.625000 0.937500
Au 0.062500 0.750000 0.062500
Au 0.062500 0.750000 0.187500
Au 0.062500 0.750000 0.312500
Au 0.062500 0.750000 0.437500
Au 0.062500 0.750000 0.562500
Au 0.062500 0.750000 0.687500
Au 0.062500 0.750000 0.812500
Au 0.062500 0.750000 0.937500
Au 0.062500 0.875000 0.062500
Au 0.062500 0.875000 0.187500
Au 0.062500 0.875000 0.312500
Au 0.062500 0.875000 0.437500
Au 0.062500 0.875000 0.562500
Au 0.062500 0.875000 0.687500
Au 0.062500 0.875000 0.812500
Au 0.062500 0.875000 0.937500
Au 0.187500 0.000000 0.062500
Au 0.187500 0.000000 0.187500
Au 0.187500 0.000000 0.312500
Au 0.187500 0.000000 0.437500
Au 0.187500 0.000000 0.562500
Au 0.187500 0.000000 0.687500
Au 0.187500 0.000000 0.812500
Au 0.187500 0.000000 0.937500
Au 0.187500 0.125000 0.062500
Au 0.187500 0.125000 0.187500
Au 0.187500 0.125000 0.312500
Au 0.187500 0.125000 0.437500
Au 0.187500 0.125000 0.562500
Au 0.187500 0.125000 0.687500
Au 0.187500 0.125000 0.812500
Au 0.187500 0.125000 0.937500
Au 0.187500 0.250000 0.062500
Au 0.187500 0.250000 0.187500
Au 0.187500 0.250000 0.312500
Au 0.187500 0.250000 0.437500
Au 0.187500 0.250000 0.562500
Au 0.187500 0.250000 0.687500
Au 0.187500 0.250000 0.812500
Au 0.187500 0.250000 0.937500
Au 0.187500 0.375000 0.062500
Au 0.187500 0.375000 0.187500
Au 0.187500 0.375000 0.312500
Au 0.187500 0.375000 0.437500
Au 0.187500 0.375000 0.562500
Au 0.187500 0.375000 0.687500
Au 0.187500 0.375000 0.812500
Au 0.187500 0.375000 0.937500
Au 0.187500 0.500000 0.062500
Au 0.187500 0.500000 0.187500
Au 0.187500 0.500000 0.312500
Au 0.187500 0.500000 0.437500
Au 0.187500 0.500000 0.562500
Au 0.187500 0.500000 0.687500
Au 0.187500 0.500000 0.812500
Au 0.187500 0.500000 0.937500
Au 0.187500 0.625000 0.062500
Au 0.187500 0.625000 0.187500
Au 0.187500 0.625000 0.312500
Au 0.187500 0.625000 0.437500
Au 0.187500 0.625000 0.562500
Au 0.187500 0.625000 0.687500
Au 0.187500 0.625000 0.812500
Au 0.187500 0.625000 0.937500
Au 0.187500 0.750000 0.062500
Au 0.187500 0.750000 0.187500
Au 0.187500 0.750000 0.312500
Au 0.187500 0.750000 0.437500
Au 0.187500 0.750000 0.562500
Au 0.187500 0.750000 0.687500
Au 0.187500 0.750000 0.812500
Au 0.187500 0.750000 0.937500
Au 0.187500 0.875000 0.062500
Au 0.187500 0.875000 0.187500
Au 0.187500 0.875000 0.312500
Au 0.187500 0.875000 0.437500
Au 0.187500 0.875000 0.562500
Au 0.187500 0.875000 0.687500
Au 0.187500 0.875000 0.812500
Au 0.187500 0.875000 0.937500
Au 0.312500 0.000000 0.062500
Au 0.312500 0.000000 0.187500
Au 0.312500 0.000000 0.312500
Au 0.312500 0.000000 0.437500
Au 0.312500 0.000000 0.562500
Au 0.312500 0.000000 0.687500
Au 0.312500 0.000000 0.812500
Au 0.312500 0.000000 0.937500
Au 0.312500 0.125000 0.062500
Au 0.312500 0.125000 0.187500
Au 0.312500 0.125000 0.312500
Au 0.312500 0.125000 0.437500
Au 0.312500 0.125000 0.562500
Au 0.312500 0.125000 0.687500
Au 0.312500 0.125000 0.812500
Au 0.312500 0.125000 0.937500
Au 0.312500 0.250000 0.062500
Au 0.312500 0.250000 0.187500
Au 0.312500 0.250000 0.312500
Au 0.312500 0.250000 0.437500
Au 0.312500 0.250000 0.562500
Au 0.312500 0.250000 0.687500
Au 0.312500 0.250000 0.812500
Au 0.312500 0.250000 0.937500
Au 0.312500 0.375000 0.062500
Au 0.312500 0.375000 0.187500
Au 0.312500 0.375000 0.312500
Au 0.312500 0.375000 0.437500
Au 0.312500 0.375000 0.562500
Au 0.312500 0.375000 0.687500
Au 0.312500 0.375000 0.812500
Au 0.312500 0.375000 0.937500
Au 0.312500 0.500000 0.062500
Au 0.312500 0.500000 0.187500
Au 0.312500 0.500000 0.312500
Au 0.312500 0.500000 0.437500
Au 0.312500 0.500000 0.562500
Au 0.312500 0.500000 0.687500
Au 0.312500 0.500000 0.812500
Au 0.312500 0.500000 0.937500
Au 0.312500 0.625000 0.062500
Au 0.312500 0.625000 0.187500
Au 0.312500 0.625000 0.312500
Au 0.312500 0.625000 0.437500
Au 0.312500 0.625000 0.562500
Au 0.312500 0.625000 0.687500
Au 0.312500 0.625000 0.812500
Au 0.312500 0.625000 0.937500
Au 0.312500 0.750000 0.062500
Au 0.312500 0.750000 0.187500
Au 0.312500 0.750000 0.312500
Au 0.312500 0.750000 0.437500
Au 0.312500 0.750000 0.562500
Au 0.312500 0.750000 0.687500
Au 0.312500 0.750000 0.812500
Au 0.312500 0.750000 0.937500
Au 0.312500 0.875000 0.062500
Au 0.312500 0.875000 0.187500
Au 0.312500 0.875000 0.312500
Au 0.312500 0.875000 0.437500
Au 0.312500 0.875000 0.562500
Au 0.312500 0.875000 0.687500
Au 0.312500 0.875000 0.812500
Au 0.312500 0.875000 0.937500
Au 0.437500 0.000000 0.062500
Au 0.437500 0.000000 0.187500
Au 0.437500 0.000000 0.312500
Au 0.437500 0.000000 0.437500
Au 0.437500 0.000000 0.562500
Au 0.437500 0.000000 0.687500
Au 0.437500 0.000000 0.812500
Au 0.437500 0.000000 0.937500
Au 0.437500 0.125000 0.062500
Au 0.437500 0.125000 0.187500
Au 0.437500 0.125000 0.312500
Au 0.437500 0.125000 0.437500
Au 0.437500 0.125000 0.562500
Au 0.437500 0.125000 0.687500
Au 0.437500 0.125000 0.812500
Au 0.437500 0.125000 0.937500
Au 0.437500 0.250000 0.062500
Au 0.437500 0.250000 0.187500
Au 0.437500 0.250000 0.312500
Au 0.437500 0.250000 0.437500
Au 0.437500 0.250000 0.562500
Au 0.437500 0.250000 0.687500
Au 0.437500 0.250000 0.812500
Au 0.437500 0.250000 0.937500
Au 0.437500 0.375000 0.062500
Au 0.437500 0.375000 0.187500
Au 0.437500 0.375000 0.312500
Au 0.437500 0.375000 0.437500
Au 0.437500 0.375000 0.562500
Au 0.437500 0.375000 0.687500
Au 0.437500 0.375000 0.812500
Au 0.437500 0.375000 0.937500
Au 0.437500 0.500000 0.062500
Au 0.437500 0.500000 0.187500
Au 0.437500 0.500000 0.312500
Au 0.437500 0.500000 0.437500
Au 0.437500 0.500000 0.562500
Au 0.437500 0.500000 0.687500
Au 0.437500 0.500000 0.812500
Au 0.437500 0.500000 0.937500
Au 0.437500 0.625000 0.062500
Au 0.437500 0.625000 0.187500
Au 0.437500 0.625000 0.312500
Au 0.437500 0.625000 0.437500
Au 0.437500 0.625000 0.562500
Au 0.437500 0.625000 0.687500
Au 0.437500 0.625000 0.812500
Au 0.437500 0.625000 0.937500
Au 0.437500 0.750000 0.062500
Au 0.437500 0.750000 0.187500
Au 0.437500 0.750000 0.312500
Au 0.437500 0.750000 0.437500
Au 0.437500 0.750000 0.562500
Au 0.437500 0.750000 0.687500
Au 0.437500 0.750000 0.812500
Au 0.437500 0.750000 0.937500
Au 0.437500 0.875000 0.062500
Au 0.437500 0.875000 0.187500
Au 0.437500 0.875000 0.312500
Au 0.437500 0.875000 0.437500
Au 0.437500 0.875000 0.562500
Au 0.437500 0.875000 0.687500
Au 0.437500 0.875000 0.812500
Au 0.437500 0.875000 0.937500
Au 0.562500 0.000000 0.062500
Au 0.562500 0.000000 0.187500
Au 0.562500 0.000000 0.312500
Au 0.562500 0.000000 0.437500
Au 0.562500 0.000000 0.562500
Au 0.562500 0.000000 0.687500
Au 0.562500 0.000000 0.812500
Au 0.562500 0.000000 0.937500
Au 0.562500 0.125000 0.062500
Au 0.562500 0.125000 0.187500
Au 0.562500 0.125000 0.312500
Au 0.562500 0.125000 0.437500
Au 0.562500 0.125000 0.562500
Au 0.562500 0.125000 0.687500
Au 0.562500 0.125000 0.812500
Au 0.562500 0.125000 0.937500
Au 0.562500 0.250000 0.062500
Au 0.562500 0.250000 0.187500
Au 0.562500 0.250000 0.312500
Au 0.562500 0.250000 0.437500
Au 0.562500 0.250000 0.562500
Au 0.562500 0.250000 0.687500
Au 0.562500 0.250000 0.812500
Au 0.562500 0.250000 0.937500
Au 0.562500 0.375000 0.062500
Au 0.562500 0.375000 0.187500
Au 0.562500 0.375000 0.312500
Au 0.562500 0.375000 0.437500
Au 0.562500 0.375000 0.562500
Au 0.562500 0.375000 0.687500
Au 0.562500 0.375000 0.812500
Au 0.562500 0.375000 0.937500
Au 0.562500 0.500000 0.062500
Au 0.562500 0.500000 0.187500
Au 0.562500 0.500000 0.312500
Au 0.562500 0.500000 0.437500
Au 0.562500 0.500000 0.562500
Au 0.562500 0.500000 0.687500
Au 0.562500 0.500000 0.812500
Au 0.562500 0.500000 0.937500
Au 0.562500 0.625000 0.062500
Au 0.562500 0.625000 0.187500
Au 0.562500 0.625000 0.312500
Au 0.562500 0.625000 0.437500
Au 0.562500 0.625000 0.562500
Au 0.562500 0.625000 0.687500
Au 0.562500 0.625000 0.812500
Au 0.562500 0.625000 0.937500
Au 0.562500 0.750000 0.062500
Au 0.562500 0.750000 0.187500
Au 0.562500 0.750000 0.312500
Au 0.562500 0.750000 0.437500
Au 0.562500 0.750000 0.562500
Au 0.562500 0.750000 0.687500
Au 0.562500 0.750000 0.812500
Au 0.562500 0.750000 0.937500
Au 0.562500 0.875000 0.062500
Au 0.562500 0.875000 0.187500
Au 0.562500 0.875000 0.312500
Au 0.562500 0.875000 0.437500
Au 0.562500 0.875000 0.562500
Au 0.562500 0.875000 0.687500
Au 0.562500 0.875000 0.812500
Au 0.562500 0.875000 0.937500
Au 0.687500 0.000000 0.062500
Au 0.687500 0.000000 0.187500
Au 0.687500 0.000000 0.312500
Au 0.687500 0.000000 0.437500
Au 0.687500 0.000000 0.562500
Au 0.687500 0.000000 0.687500
Au 0.687500 0.000000 0.812500
Au 0.687500 0.000000 0.937500
Au 0.687500 0.125000 0.062500
Au 0.687500 0.125000 0.187500
Au 0.687500 0.125000 0.312500
Au 0.687500 0.125000 0.437500
Au 0.687500 0.125000 0.562500
Au 0.687500 0.125000 0.687500
Au 0.687500 0.125000 0.812500
Au 0.687500 0.125000 0.937500
Au 0.687500 0.250000 0.062500
Au 0.687500 0.250000 0.187500
Au 0.687500 0.250000 0.312500
Au 0.687500 0.250000 0.437500
Au 0.687500 0.250000 0.562500
Au 0.687500 0.250000 0.687500
Au 0.687500 0.250000 0.812500
Au 0.687500 0.250000 0.937500
Au 0.687500 0.375000 0.062500
Au 0.687500 0.375000 0.187500
Au 0.687500 0.375000 0.312500
Au 0.687500 0.375000 0.437500
Au 0.687500 0.375000 0.562500
Au 0.687500 0.375000 0.687500
Au 0.687500 0.375000 0.812500
Au 0.687500 0.375000 0.937500
Au 0.687500 0.500000 0.062500
Au 0.687500 0.500000 0.187500
Au 0.687500 0.500000 0.312500
Au 0.687500 0.500000 0.437500
Au 0.687500 0.500000 0.562500
Au 0.687500 0.500000 0.687500
Au 0.687500 0.500000 0.812500
Au 0.687500 0.500000 0.937500
Au 0.687500 0.625000 0.062500
Au 0.687500 0.625000 0.187500
Au 0.687500 0.625000 0.312500
Au 0.687500 0.625000 0.437500
Au 0.687500 0.625000 0.562500
Au 0.687500 0.625000 0.687500
Au 0.687500 0.625000 0.812500
Au 0.687500 0.625000 0.937500
Au 0.687500 0.750000 0.062500
Au 0.687500 0.750000 0.187500
Au 0.687500 0.750000 0.312500
Au 0.687500 0.750000 0.437500
Au 0.687500 0.750000 0.562500
Au 0.687500 0.750000 0.687500
Au 0.687500 0.750000 0.812500
Au 0.687500 0.750000 0.937500
Au 0.687500 0.875000 0.062500
Au 0.687500 0.875000 0.187500
Au 0.687500 0.875000 0.312500
Au 0.687500 0.875000 0.437500
Au 0.687500 0.875000 0.562500
Au 0.687500 0.875000 0.687500
Au 0.687500 0.875000 0.812500
Au 0.687500 0.875000 0.937500
Au 0.812500 0.000000 0.062500
Au 0.812500 0.000000 0.187500
Au 0.812500 0.000000 0.312500
Au 0.812500 0.000000 0.437500
Au 0.812500 0.000000 0.562500
Au 0.812500 0.000000 0.687500
Au 0.812500 0.000000 0.812500
Au 0.812500 0.000000 0.937500
Au 0.812500 0.125000 0.062500
Au 0.812500 0.125000 0.187500
Au 0.812500 0.125000 0.312500
Au 0.812500 0.125000 0.437500
Au 0.812500 0.125000 0.562500
Au 0.812500 0.125000 0.687500
Au 0.812500 0.125000 0.812500
Au 0.812500 0.125000 0.937500
Au 0.812500 0.250000 0.062500
Au 0.812500 0.250000 0.187500
Au 0.812500 0.250000 0.312500
Au 0.812500 0.250000 0.437500
Au 0.812500 0.250000 0.562500
Au 0.812500 0.250000 0.687500
Au 0.812500 0.250000 0.812500
Au 0.812500 0.250000 0.937500
Au 0.812500 0.375000 0.062500
Au 0.812500 0.375000 0.187500
Au 0.812500 0.375000 0.312500
Au 0.812500 0.375000 0.437500
Au 0.812500 0.375000 0.562500
Au 0.812500 0.375000 0.687500
Au 0.812500 0.375000 0.812500
Au 0.812500 0.375000 0.937500
Au 0.812500 0.500000 0.062500
Au 0.812500 0.500000 0.187500
Au 0.812500 0.500000 0.312500
Au 0.812500 0.500000 0.437500
Au 0.812500 0.500000 0.562500
Au 0.812500 0.500000 0.687500
Au 0.812500 0.500000 0.812500
Au 0.812500 0.500000 0.937500
Au 0.812500 0.625000 0.062500
Au 0.812500 0.625000 0.187500
Au 0.812500 0.625000 0.312500
Au 0.812500 0.625000 0.437500
Au 0.812500 0.625000 0.562500
Au 0.812500 0.625000 0.687500
Au 0.812500 0.625000 0.812500
Au 0.812500 0.625000 0.937500
Au 0.812500 0.750000 0.062500
Au 0.812500 0.750000 0.187500
Au 0.812500 0.750000 0.312500
Au 0.812500 0.750000 0.437500
Au 0.812500 0.750000 0.562500
Au 0.812500 0.750000 0.687500
Au 0.812500 0.750000 0.812500
Au 0.812500 0.750000 0.937500
Au 0.812500 0.875000 0.062500
Au 0.812500 0.875000 0.187500
Au 0.812500 0.875000 0.312500
Au 0.812500 0.875000 0.437500
Au 0.812500 0.875000 0.562500
Au 0.812500 0.875000 0.687500
Au 0.812500 0.875000 0.812500
Au 0.812500 0.875000 0.937500
Au 0.937500 0.000000 0.062500
Au 0.937500 0.000000 0.187500
Au 0.937500 0.000000 0.312500
Au 0.937500 0.000000 0.437500
Au 0.937500 0.000000 0.562500
Au 0.937500 0.000000 0.687500
Au 0.937500 0.000000 0.812500
Au 0.937500 0.000000 0.937500
Au 0.937500 0.125000 0.062500
Au 0.937500 0.125000 0.187500
Au 0.937500 0.125000 0.312500
Au 0.937500 0.125000 0.437500
Au 0.937500 0.125000 0.562500
Au 0.937500 0.125000 0.687500
Au 0.937500 0.125000 0.812500
Au 0.937500 0.125000 0.937500
Au 0.937500 0.250000 0.062500
Au 0.937500 0.250000 0.187500
Au 0.937500 0.250000 0.312500
Au 0.937500 0.250000 0.437500
Au 0.937500 0.250000 0.562500
Au 0.937500 0.250000 0.687500
Au 0.937500 0.250000 0.812500
Au 0.937500 0.250000 0.937500
Au 0.937500 0.375000 0.062500
Au 0.937500 0.375000 0.187500
Au 0.937500 0.375000 0.312500
Au 0.937500 0.375000 0.437500
Au 0.937500 0.375000 0.562500
Au 0.937500 0.375000 0.687500
Au 0.937500 0.375000 0.812500
Au 0.937500 0.375000 0.937500
Au 0.937500 0.500000 0.062500
Au 0.937500 0.500000 0.187500
Au 0.937500 0.500000 0.312500
Au 0.937500 0.500000 0.437500
Au 0.937500 0.500000 0.562500
Au 0.937500 0.500000 0.687500
Au 0.937500 0.500000 0.812500
Au 0.937500 0.500000 0.937500
Au 0.937500 0.625000 0.062500
Au 0.937500 0.625000 0.187500
Au 0.937500 0.625000 0.312500
Au 0.937500 0.625000 0.437500
Au 0.937500 0.625000 0.562500
Au 0.937500 0.625000 0.687500
Au 0.937500 0.625000 0.812500
Au 0.937500 0.625000 0.937500
Au 0.937500 0.750000 0.062500
Au 0.937500 0.750000 0.187500
Au 0.937500 0.750000 0.312500
Au 0.937500 0.750000 0.437500
Au 0.937500 0.750000 0.562500
Au 0.937500 0.750000 0.687500
Au 0.937500 0.750000 0.812500
Au 0.937500 0.750000 0.937500
Au 0.937500 0.875000 0.062500
Au 0.937500 0.875000 0.187500
Au 0.937500 0.875000 0.312500
Au 0.937500 0.875000 0.437500
Au 0.937500 0.875000 0.562500
Au 0.937500 0.875000 0.687500
Au 0.937500 0.875000 0.812500
Au 0.937500 0.875000 0.937500
Au 0.062500 0.062500 0.000000
Au 0.062500 0.062500 0.125000
Au 0.062500 0.062500 0.250000
Au 0.062500 0.062500 0.375000
Au 0.062500 0.062500 0.500000
Au 0.062500 0.062500 0.625000
Au 0.062500 0.062500 0.750000
Au 0.062500 0.062500 0.875000
Au 0.062500 0.187500 0.000000
Au 0.062500 0.187500 0.125000
Au 0.062500 0.187500 0.250000
Au 0.062500 0.187500 0.375000
Au 0.062500 0.187500 0.500000
Au 0.062500 0.187500 0.625000
Au 0.062500 0.187500 0.750000
Au 0.062500 0.187500 0.875000
Au 0.062500 0.312500 0.000000
Au 0.062500 0.312500 0.125000
Au 0.062500 0.312500 0.250000
Au 0.062500 0.312500 0.375000
Au 0.062500 0.312500 0.500000
Au 0.062500 0.312500 0.625000
Au 0.062500 0.312500 0.750000
Au 0.062500 0.312500 0.875000
Au 0.062500 0.437500 0.000000
Au 0.062500 0.437500 0.125000
Au 0.062500 0.437500 0.250000
Au 0.062500 0.437500 0.375000
Au 0.062500 0.437500 0.500000
Au 0.062500 0.437500 0.625000
Au 0.062500 0.437500 0.750000
Au 0.062500 0.437500 0.875000
Au 0.062500 0.562500 0.000000
Au 0.062500 0.562500 0.125000
Au 0.062500 0.562500 0.250000
Au 0.062500 0.562500 0.375000
Au 0.062500 0.562500 0.500000
Au 0.062500 0.562500 0.625000
Au 0.062500 0.562500 0.750000
Au 0.062500 0.562500 0.875000
Au 0.062500 0.687500 0.000000
Au 0.062500 0.687500 0.125000
Au 0.062500 0.687500 0.250000
Au 0.062500 0.687500 0.375000
Au 0.062500 0.687500 0.500000
Au 0.062500 0.687500 0.625000
Au 0.062500 0.687500 0.750000
Au 0.062500 0.687500 0.875000
Au 0.062500 0.812500 0.000000
Au 0.062500 0.812500 0.125000
Au 0.062500 0.812500 0.250000
Au 0.062500 0.812500 0.375000
Au 0.062500 0.812500 0.500000
Au 0.062500 0.812500 0.625000
Au 0.062500 0.812500 0.750000
Au 0.062500 0.812500 0.875000
Au 0.062500 0.937500 0.000000
Au 0.062500 0.937500 0.125000
Au 0.062500 0.937500 0.250000
Au 0.062500 0.937500 0.375000
Au 0.062500 0.937500 0.500000
Au 0.062500 0.937500 0.625000
Au 0.062500 0.937500 0.750000
Au 0.062500 0.937500 0.875000
Au 0.187500 0.062500 0.000000
Au 0.187500 0.062500 0.125000
Au 0.187500 0.062500 0.250000
Au 0.187500 0.062500 0.375000
Au 0.187500 0.062500 0.500000
Au 0.187500 0.062500 0.625000
Au 0.187500 0.062500 0.750000
Au 0.187500 0.062500 0.875000
Au 0.187500 0.187500 0.000000
Au 0.187500 0.187500 0.125000
Au 0.187500 0.187500 0.250000
Au 0.187500 0.187500 0.375000
Au 0.187500 0.187500 0.500000
Au 0.187500 0.187500 0.625000
Au 0.187500 0.187500 0.750000
Au 0.187500 0.187500 0.875000
Au 0.187500 0.312500 0.000000
Au 0.187500 0.312500 0.125000
Au 0.187500 0.312500 0.250000
Au 0.187500 0.312500 0.375000
Au 0.187500 0.312500 0.500000
Au 0.187500 0.312500 0.625000
Au 0.187500 0.312500 0.750000
Au 0.187500 0.312500 0.875000
Au 0.187500 0.437500 0.000000
Au 0.187500 0.437500 0.125000
Au 0.187500 0.437500 0.250000
Au 0.187500 0.437500 0.375000
Au 0.187500 0.437500 0.500000
Au 0.187500 0.437500 0.625000
Au 0.187500 0.437500 0.750000
Au 0.187500 0.437500 0.875000
Au 0.187500 0.562500 0.000000
Au 0.187500 0.562500 0.125000
Au 0.187500 0.562500 0.250000
Au 0.187500 0.562500 0.375000
Au 0.187500 0.562500 0.500000
Au 0.187500 0.562500 0.625000
Au 0.187500 0.562500 0.750000
Au 0.187500 0.562500 0.875000
Au 0.187500 0.687500 0.000000
Au 0.187500 0.687500 0.125000
Au 0.187500 0.687500 0.250000
Au 0.187500 0.687500 0.375000
Au 0.187500 0.687500 0.500000
Au 0.187500 0.687500 0.625000
Au 0.187500 0.687500 0.750000
Au 0.187500 0.687500 0.875000
Au 0.187500 0.812500 0.000000
Au 0.187500 0.812500 0.125000
Au 0.187500 0.812500 0.250000
Au 0.187500 0.812500 0.375000
Au 0.187500 0.812500 0.500000
Au 0.187500 0.812500 0.625000
Au 0.187500 0.812500 0.750000
Au 0.187500 0.812500 0.875000
Au 0.187500 0.937500 0.000000
Au 0.187500 0.937500 0.125000
Au 0.187500 0.937500 0.250000
Au 0.187500 0.937500 0.375000
Au 0.187500 0.937500 0.500000
Au 0.187500 0.937500 0.625000
Au 0.187500 0.937500 0.750000
Au 0.187500 0.937500 0.875000
Au 0.312500 0.062500 0.000000
Au 0.312500 0.062500 0.125000
Au 0.312500 0.062500 0.250000
Au 0.312500 0.062500 0.375000
Au 0.312500 0.062500 0.500000
Au 0.312500 0.062500 0.625000
Au 0.312500 0.062500 0.750000
Au 0.312500 0.062500 0.875000
Au 0.312500 0.187500 0.000000
Au 0.312500 0.187500 0.125000
Au 0.312500 0.187500 0.250000
Au 0.312500 0.187500 0.375000
Au 0.312500 0.187500 0.500000
Au 0.312500 0.187500 0.625000
Au 0.312500 0.187500 0.750000
Au 0.312500 0.187500 0.875000
Au 0.312500 0.312500 0.000000
Au 0.312500 0.312500 0.125000
Au 0.312500 0.312500 0.250000
Au 0.312500 0.312500 0.375000
Au 0.312500 0.312500 0.500000
Au 0.312500 0.312500 0.625000
Au 0.312500 0.312500 0.750000
Au 0.312500 0.312500 0.875000
Au 0.312500 0.437500 0.000000
Au 0.312500 0.437500 0.125000
Au 0.312500 0.437500 0.250000
Au 0.312500 0.437500 0.375000
Au 0.312500 0.437500 0.500000
Au 0.312500 0.437500 0.625000
Au 0.312500 0.437500 0.750000
Au 0.312500 0.437500 0.875000
Au 0.312500 0.562500 0.000000
Au 0.312500 0.562500 0.125000
Au 0.312500 0.562500 0.250000
Au 0.312500 0.562500 0.375000
Au 0.312500 0.562500 0.500000
Au 0.312500 0.562500 0.625000
Au 0.312500 0.562500 0.750000
Au 0.312500 0.562500 0.875000
Au 0.312500 0.687500 0.000000
Au 0.312500 0.687500 0.125000
Au 0.312500 0.687500 0.250000
Au 0.312500 0.687500 0.375000
Au 0.312500 0.687500 0.500000
Au 0.312500 0.687500 0.625000
Au 0.312500 0.687500 0.750000
Au 0.312500 0.687500 0.875000
Au 0.312500 0.812500 0.000000
Au 0.312500 0.812500 0.125000
Au 0.312500 0.812500 0.250000
Au 0.312500 0.812500 0.375000
Au 0.312500 0.812500 0.500000
Au 0.312500 0.812500 0.625000
Au 0.312500 0.812500 0.750000
Au 0.312500 0.812500 0.875000
Au 0.312500 0.937500 0.000000
Au 0.312500 0.937500 0.125000
Au 0.312500 0.937500 0.250000
Au 0.312500 0.937500 0.375000
Au 0.312500 0.937500 0.500000
Au 0.312500 0.937500 0.625000
Au 0.312500 0.937500 0.750000
Au 0.312500 0.937500 0.875000
Au 0.437500 0.062500 0.000000
Au 0.437500 0.062500 0.125000
Au 0.437500 0.062500 0.250000
Au 0.437500 0.062500 0.375000
Au 0.437500 0.062500 0.500000
Au 0.437500 0.062500 0.625000
Au 0.437500 0.062500 0.750000
Au 0.437500 0.062500 0.875000
Au 0.437500 0.187500 0.000000
Au 0.437500 0.187500 0.125000
Au 0.437500 0.187500 0.250000
Au 0.437500 0.187500 0.375000
Au 0.437500 0.187500 0.500000
Au 0.437500 0.187500 0.625000
Au 0.437500 0.187500 0.750000
Au 0.437500 0.187500 0.875000
Au 0.437500 0.312500 0.000000
Au 0.437500 0.312500 0.125000
Au 0.437500 0.312500 0.250000
Au 0.437500 0.312500 0.375000
Au 0.437500 0.312500 0.500000
Au 0.437500 0.312500 0.625000
Au 0.437500 0.312500 0.750000
Au 0.437500 0.312500 0.875000
Au 0.437500 0.437500 0.000000
Au 0.437500 0.437500 0.125000
Au 0.437500 0.437500 0.250000
Au 0.437500 0.437500 0.375000
Au 0.437500 0.437500 0.500000
Au 0.437500 0.437500 0.625000
Au 0.437500 0.437500 0.750000
Au 0.437500 0.437500 0.875000
Au 0.437500 0.562500 0.000000
Au 0.437500 0.562500 0.125000
Au 0.437500 0.562500 0.250000
Au 0.437500 0.562500 0.375000
Au 0.437500 0.562500 0.500000
Au 0.437500 0.562500 0.625000
Au 0.437500 0.562500 0.750000
Au 0.437500 0.562500 0.875000
Au 0.437500 0.687500 0.000000
Au 0.437500 0.687500 0.125000
Au 0.437500 0.687500 0.250000
Au 0.437500 0.687500 0.375000
Au 0.437500 0.687500 0.500000
Au 0.437500 0.687500 0.625000
Au 0.437500 0.687500 0.750000
Au 0.437500 0.687500 0.875000
Au 0.437500 0.812500 0.000000
Au 0.437500 0.812500 0.125000
Au 0.437500 0.812500 0.250000
Au 0.437500 0.812500 0.375000
Au 0.437500 0.812500 0.500000
Au 0.437500 0.812500 0.625000
Au 0.437500 0.812500 0.750000
Au 0.437500 0.812500 0.875000
Au 0.437500 0.937500 0.000000
Au 0.437500 0.937500 0.125000
Au 0.437500 0.937500 0.250000
Au 0.437500 0.937500 0.375000
Au 0.437500 0.937500 0.500000
Au 0.437500 0.937500 0.625000
Au 0.437500 0.937500 0.750000
Au 0.437500 0.937500 0.875000
Au 0.562500 0.062500 0.000000
Au 0.562500 0.062500 0.125000
Au 0.562500 0.062500 0.250000
Au 0.562500 0.062500 0.375000
Au 0.562500 0.062500 0.500000
Au 0.562500 0.062500 0.625000
Au 0.562500 0.062500 0.750000
Au 0.562500 0.062500 0.875000
Au 0.562500 0.187500 0.000000
Au 0.562500 0.187500 0.125000
Au 0.562500 0.187500 0.250000
Au 0.562500 0.187500 0.375000
Au 0.562500 0.187500 0.500000
Au 0.562500 0.187500 0.625000
Au 0.562500 0.187500 0.750000
Au 0.562500 0.187500 0.875000
Au 0.562500 0.312500 0.000000
Au 0.562500 0.312500 0.125000
Au 0.562500 0.312500 0.250000
Au 0.562500 0.312500 0.375000
Au 0.562500 0.312500 0.500000
Au 0.562500 0.312500 0.625000
Au 0.562500 0.312500 0.750000
Au 0.562500 0.312500 0.875000
Au 0.562500 0.437500 0.000000
Au 0.562500 0.437500 0.125000
Au 0.562500 0.437500 0.250000
Au 0.562500 0.437500 0.375000
Au 0.562500 0.437500 0.500000
Au 0.562500 0.437500 0.625000
Au 0.562500 0.437500 0.750000
Au 0.562500 0.437500 0.875000
Au 0.562500 0.562500 0.000000
Au 0.562500 0.562500 0.125000
Au 0.562500 0.562500 0.250000
Au 0.562500 0.562500 0.375000
Au 0.562500 0.562500 0.500000
Au 0.562500 0.562500 0.625000
Au 0.562500 0.562500 0.750000
Au 0.562500 0.562500 0.875000
Au 0.562500 0.687500 0.000000
Au 0.562500 0.687500 0.125000
Au 0.562500 0.687500 0.250000
Au 0.562500 0.687500 0.375000
Au 0.562500 0.687500 0.500000
Au 0.562500 0.687500 0.625000
Au 0.562500 0.687500 0.750000
Au 0.562500 0.687500 0.875000
Au 0.562500 0.812500 0.000000
Au 0.562500 0.812500 0.125000
Au 0.562500 0.812500 0.250000
Au 0.562500 0.812500 0.375000
Au 0.562500 0.812500 0.500000
Au 0.562500 0.812500 0.625000
Au 0.562500 0.812500 0.750000
Au 0.562500 0.812500 0.875000
Au 0.562500 0.937500 0.000000
Au 0.562500 0.937500 0.125000
Au 0.562500 0.937500 0.250000
Au 0.562500 0.937500 0.375000
Au 0.562500 0.937500 0.500000
Au 0.562500 0.937500 0.625000
Au 0.562500 0.937500 0.750000
Au 0.562500 0.937500 0.875000
Au 0.687500 0.062500 0.000000
Au 0.687500 0.062500 0.125000
Au 0.687500 0.062500 0.250000
Au 0.687500 0.062500 0.375000
Au 0.687500 0.062500 0.500000
Au 0.687500 0.062500 0.625000
Au 0.687500 0.062500 0.750000
Au 0.687500 0.062500 0.875000
Au 0.687500 0.187500 0.000000
Au 0.687500 0.187500 0.125000
Au 0.687500 0.187500 0.250000
Au 0.687500 0.187500 0.375000
Au 0.687500 0.187500 0.500000
Au 0.687500 0.187500 0.625000
Au 0.687500 0.187500 0.750000
Au 0.687500 0.187500 0.875000
Au 0.687500 0.312500 0.000000
Au 0.687500 0.312500 0.125000
Au 0.687500 0.312500 0.250000
Au 0.687500 0.312500 0.375000
Au 0.687500 0.312500 0.500000
Au 0.687500 0.312500 0.625000
Au 0.687500 0.312500 0.750000
Au 0.687500 0.312500 0.875000
Au 0.687500 0.437500 0.000000
Au 0.687500 0.437500 0.125000
Au 0.687500 0.437500 0.250000
Au 0.687500 0.437500 0.375000
Au 0.687500 0.437500 0.500000
Au 0.687500 0.437500 0.625000
Au 0.687500 0.437500 0.750000
Au 0.687500 0.437500 0.875000
Au 0.687500 0.562500 0.000000
Au 0.687500 0.562500 0.125000
Au 0.687500 0.562500 0.250000
Au 0.687500 0.562500 0.375000
Au 0.687500 0.562500 0.500000
Au 0.687500 0.562500 0.625000
Au 0.687500 0.562500 0.750000
Au 0.687500 0.562500 0.875000
Au 0.687500 0.687500 0.000000
Au 0.687500 0.687500 0.125000
Au 0.687500 0.687500 0.250000
Au 0.687500 0.687500 0.375000
Au 0.687500 0.687500 0.500000
Au 0.687500 0.687500 0.625000
Au 0.687500 0.687500 0.750000
Au 0.687500 0.687500 0.875000
Au 0.687500 0.812500 0.000000
Au 0.687500 0.812500 0.125000
Au 0.687500 0.812500 0.250000
Au 0.687500 0.812500 0.375000
Au 0.687500 0.812500 0.500000
Au 0.687500 0.812500 0.625000
Au 0.687500 0.812500 0.750000
Au 0.687500 0.812500 0.875000
Au 0.687500 0.937500 0.000000
Au 0.687500 0.937500 0.125000
Au 0.687500 0.937500 0.250000
Au 0.687500 0.937500 0.375000
Au 0.687500 0.937500 0.500000
Au 0.687500 0.937500 0.625000
Au 0.687500 0.937500 0.750000
Au 0.687500 0.937500 0.875000
Au 0.812500 0.062500 0.000000
Au 0.812500 0.062500 0.125000
Au 0.812500 0.062500 0.250000
Au 0.812500 0.062500 0.375000
Au 0.812500 0.062500 0.500000
Au 0.812500 0.062500 0.625000
Au 0.812500 0.062500 0.750000
Au 0.812500 0.062500 0.875000
Au 0.812500 0.187500 0.000000
Au 0.812500 0.187500 0.125000
Au 0.812500 0.187500 0.250000
Au 0.812500 0.187500 0.375000
Au 0.812500 0.187500 0.500000
Au 0.812500 0.187500 0.625000
Au 0.812500 0.187500 0.750000
Au 0.812500 0.187500 0.875000
Au 0.812500 0.312500 0.000000
Au 0.812500 0.312500 0.125000
Au 0.812500 0.312500 0.250000
Au 0.812500 0.312500 0.375000
Au 0.812500 0.312500 0.500000
Au 0.812500 0.312500 0.625000
Au 0.812500 0.312500 0.750000
Au 0.812500 0.312500 0.875000
Au 0.812500 0.437500 0.000000
Au 0.812500 0.437500 0.125000
Au 0.812500 0.437500 0.250000
Au 0.812500 0.437500 0.375000
Au 0.812500 0.437500 0.500000
Au 0.812500 0.437500 0.625000
Au 0.812500 0.437500 0.750000
Au 0.812500 0.437500 0.875000
Au 0.812500 0.562500 0.000000
Au 0.812500 0.562500 0.125000
Au 0.812500 0.562500 0.250000
Au 0.812500 0.562500 0.375000
Au 0.812500 0.562500 0.500000
Au 0.812500 0.562500 0.625000
Au 0.812500 0.562500 0.750000
Au 0.812500 0.562500 0.875000
Au 0.812500 0.687500 0.000000
Au 0.812500 0.687500 0.125000
Au 0.812500 0.687500 0.250000
Au 0.812500 0.687500 0.375000
Au 0.812500 0.687500 0.500000
Au 0.812500 0.687500 0.625000
Au 0.812500 0.687500 0.750000
Au 0.812500 0.687500 0.875000
Au 0.812500 0.812500 0.000000
Au 0.812500 0.812500 0.125000
Au 0.812500 0.812500 0.250000
Au 0.812500 0.812500 0.375000
Au 0.812500 0.812500 0.500000
Au 0.812500 0.812500 0.625000
Au 0.812500 0.812500 0.750000
Au 0.812500 0.812500 0.875000
Au 0.812500 0.937500 0.000000
Au 0.812500 0.937500 0.125000
Au 0.812500 0.937500 0.250000
Au 0.812500 0.937500 0.375000
Au 0.812500 0.937500 0.500000
Au 0.812500 0.937500 0.625000
Au 0.812500 0.937500 0.750000
Au 0.812500 0.937500 0.875000
Au 0.937500 0.062500 0.000000
Au 0.937500 0.062500 0.125000
Au 0.937500 0.062500 0.250000
Au 0.937500 0.062500 0.375000
Au 0.937500 0.062500 0.500000
Au 0.937500 0.062500 0.625000
Au 0.937500 0.062500 0.750000
Au 0.937500 0.062500 0.875000
Au 0.937500 0.187500 0.000000
Au 0.937500 0.187500 0.125000
Au 0.937500 0.187500 0.250000
Au 0.937500 0.187500 0.375000
Au 0.937500 0.187500 0.500000
Au 0.937500 0.187500 0.625000
Au 0.937500 0.187500 0.750000
Au 0.937500 0.187500 0.875000
Au 0.937500 0.312500 0.000000
Au 0.937500 0.312500 0.125000
Au 0.937500 0.312500 0.250000
Au 0.937500 0.312500 0.375000
Au 0.937500 0.312500 0.500000
Au 0.937500 0.312500 0.625000
Au 0.937500 0.312500 0.750000
Au 0.937500 0.312500 0.875000
Au 0.937500 0.437500 0.000000
Au 0.937500 0.437500 0.125000
Au 0.937500 0.437500 0.250000
Au 0.937500 0.437500 0.375000
Au 0.937500 0.437500 0.500000
Au 0.937500 0.437500 0.625000
Au 0.937500 0.437500 0.750000
Au 0.937500 0.437500 0.875000
Au 0.937500 0.562500 0.000000
Au 0.937500 0.562500 0.125000
Au 0.937500 0.562500 0.250000
Au 0.937500 0.562500 0.375000
Au 0.937500 0.562500 0.500000
Au 0.937500 0.562500 0.625000
Au 0.937500 0.562500 0.750000
Au 0.937500 0.562500 0.875000
Au 0.937500 0.687500 0.000000
Au 0.937500 0.687500 0.125000
Au 0.937500 0.687500 0.250000
Au 0.937500 0.687500 0.375000
Au 0.937500 0.687500 0.500000
Au 0.937500 0.687500 0.625000
Au 0.937500 0.687500 0.750000
Au 0.937500 0.687500 0.875000
Au 0.937500 0.812500 0.000000
Au 0.937500 0.812500 0.125000
Au 0.937500 0.812500 0.250000
Au 0.937500 0.812500 0.375000
Au 0.937500 0.812500 0.500000
Au 0.937500 0.812500 0.625000
Au 0.937500 0.812500 0.750000
Au 0.937500 0.812500 0.875000
Au 0.937500 0.937500 0.000000
Au 0.937500 0.937500 0.125000
Au 0.937500 0.937500 0.250000
Au 0.937500 0.937500 0.375000
Au 0.937500 0.937500 0.500000
Au 0.937500 0.937500 0.625000
Au 0.937500 0.937500 0.750000
Au 0.937500 0.937500 0.875000
library suttonchen

dump au_eam_8.grs


