single dist comp conp

cell
24.462000 24.462000 4.077000 90.000000 90.000000 90.000000
fractional
Au 0.000000 0.000000 0.000000
Au 0.000000 0.166667 0.000000
Au 0.000000 0.333333 0.000000
Au 0.000000 0.500000 0.000000
Au 0.000000 0.666667 0.000000
Au 0.000000 0.833333 0.000000
Au 0.166667 0.000000 0.000000
Au 0.166667 0.166667 0.000000
Au 0.166667 0.333333 0.000000
Au 0.166667 0.500000 0.000000
Au 0.166667 0.666667 0.000000
Au 0.166667 0.833333 0.000000
Au 0.333333 0.000000 0.000000
Au 0.333333 0.166667 0.000000
Au 0.333333 0.333333 0.000000
Au 0.333333 0.500000 0.000000
Au 0.333333 0.666667 0.000000
Au 0.333333 0.833333 0.000000
Au 0.500000 0.000000 0.000000
Au 0.500000 0.166667 0.000000
Au 0.500000 0.333333 0.000000
Au 0.500000 0.500000 0.000000
Au 0.500000 0.666667 0.000000
Au 0.500000 0.833333 0.000000
Au 0.666667 0.000000 0.000000
Au 0.666667 0.166667 0.000000
Au 0.666667 0.333333 0.000000
Au 0.666667 0.500000 0.000000
Au 0.666667 0.666667 0.000000
Au 0.666667 0.833333 0.000000
Au 0.833333 0.000000 0.000000
Au 0.833333 0.166667 0.000000
Au 0.833333 0.333333 0.000000
Au 0.833333 0.500000 0.000000
Au 0.833333 0.666667 0.000000
Au 0.833333 0.833333 0.000000
Au 0.000000 0.083333 0.500000
Au 0.000000 0.250000 0.500000
Au 0.000000 0.416667 0.500000
Au 0.000000 0.583333 0.500000
Au 0.000000 0.750000 0.500000
Au 0.000000 0.916667 0.500000
Au 0.166667 0.083333 0.500000
Au 0.166667 0.250000 0.500000
Au 0.166667 0.416667 0.500000
Au 0.166667 0.583333 0.500000
Au 0.166667 0.750000 0.500000
Au 0.166667 0.916667 0.500000
Au 0.333333 0.083333 0.500000
Au 0.333333 0.250000 0.500000
Au 0.333333 0.416667 0.500000
Au 0.333333 0.583333 0.500000
Au 0.333333 0.750000 0.500000
Au 0.333333 0.916667 0.500000
Au 0.500000 0.083333 0.500000
Au 0.500000 0.250000 0.500000
Au 0.500000 0.416667 0.500000
Au 0.500000 0.583333 0.500000
Au 0.500000 0.750000 0.500000
Au 0.500000 0.916667 0.500000
Au 0.666667 0.083333 0.500000
Au 0.666667 0.250000 0.500000
Au 0.666667 0.416667 0.500000
Au 0.666667 0.583333 0.500000
Au 0.666667 0.750000 0.500000
Au 0.666667 0.916667 0.500000
Au 0.833333 0.083333 0.500000
Au 0.833333 0.250000 0.500000
Au 0.833333 0.416667 0.500000
Au 0.833333 0.583333 0.500000
Au 0.833333 0.750000 0.500000
Au 0.833333 0.916667 0.500000
Au 0.083333 0.000000 0.500000
Au 0.083333 0.166667 0.500000
Au 0.083333 0.333333 0.500000
Au 0.083333 0.500000 0.500000
Au 0.083333 0.666667 0.500000
Au 0.083333 0.833333 0.500000
Au 0.250000 0.000000 0.500000
Au 0.250000 0.166667 0.500000
Au 0.250000 0.333333 0.500000
Au 0.250000 0.500000 0.500000
Au 0.250000 0.666667 0.500000
Au 0.250000 0.833333 0.500000
Au 0.416667 0.000000 0.500000
Au 0.416667 0.166667 0.500000
Au 0.416667 0.333333 0.500000
Au 0.416667 0.500000 0.500000
Au 0.416667 0.666667 0.500000
Au 0.416667 0.833333 0.500000
Au 0.583333 0.000000 0.500000
Au 0.583333 0.166667 0.500000
Au 0.583333 0.333333 0.500000
Au 0.583333 0.500000 0.500000
Au 0.583333 0.666667 0.500000
Au 0.583333 0.833333 0.500000
Au 0.750000 0.000000 0.500000
Au 0.750000 0.166667 0.500000
Au 0.750000 0.333333 0.500000
Au 0.750000 0.500000 0.500000
Au 0.750000 0.666667 0.500000
Au 0.750000 0.833333 0.500000
Au 0.916667 0.000000 0.500000
Au 0.916667 0.166667 0.500000
Au 0.916667 0.333333 0.500000
Au 0.916667 0.500000 0.500000
Au 0.916667 0.666667 0.500000
Au 0.916667 0.833333 0.500000
Au 0.083333 0.083333 0.000000
Au 0.083333 0.250000 0.000000
Au 0.083333 0.416667 0.000000
Au 0.083333 0.583333 0.000000
Au 0.083333 0.750000 0.000000
Au 0.083333 0.916667 0.000000
Au 0.250000 0.083333 0.000000
Au 0.250000 0.250000 0.000000
Au 0.250000 0.416667 0.000000
Au 0.250000 0.583333 0.000000
Au 0.250000 0.750000 0.000000
Au 0.250000 0.916667 0.000000
Au 0.416667 0.083333 0.000000
Au 0.416667 0.250000 0.000000
Au 0.416667 0.416667 0.000000
Au 0.416667 0.583333 0.000000
Au 0.416667 0.750000 0.000000
Au 0.416667 0.916667 0.000000
Au 0.583333 0.083333 0.000000
Au 0.583333 0.250000 0.000000
Au 0.583333 0.416667 0.000000
Au 0.583333 0.583333 0.000000
Au 0.583333 0.750000 0.000000
Au 0.583333 0.916667 0.000000
Au 0.750000 0.083333 0.000000
Au 0.750000 0.250000 0.000000
Au 0.750000 0.416667 0.000000
Au 0.750000 0.583333 0.000000
Au 0.750000 0.750000 0.000000
Au 0.750000 0.916667 0.000000
Au 0.916667 0.083333 0.000000
Au 0.916667 0.250000 0.000000
Au 0.916667 0.416667 0.000000
Au 0.916667 0.583333 0.000000
Au 0.916667 0.750000 0.000000
Au 0.916667 0.916667 0.000000
lennard 12 6

Au core Au core 214108.2 625.482 40.0 0 0


